gene	symbol	lipo_annote	day1_avg_TPM	day2_avg_TPM	day3_avg_TPM	day4_1_TPM
BB_0001	BB_0001	NA	77.88614175	76.8950665	130.7567098	89.634006
BB_0002	BB_0002	NA	189.1905878	165.7419853	211.5754685	261.441199
BB_0003	BB_0003	NA	217.4167658	235.212615	247.5675848	307.679916
BB_0004	BB_0004	NA	156.4788183	149.4996028	177.8696415	193.675052
BB_0005	trpS	NA	234.1218885	229.8156118	230.045887	290.096121
BB_0006	BB_0006	NA	450.5666088	473.6948455	472.6647495	643.696551
BB_0007	BB_0007	NA	616.3865445	580.7412473	633.6804208	870.900192
BB_0008	BB_0008	NA	65.1536665	70.41867325	86.4830325	88.471204
BB_0009	BB_0009	NA	62.2574355	54.5921735	70.14271525	79.149765
BB_0010	BB_0010	NA	783.5924153	809.099582	787.4059788	788.98823
BB_0011	BB_0011	NA	333.7329218	284.08036	347.2378945	364.260912
BB_0012	truA	NA	220.7155998	161.1673088	229.5742653	198.013615
BB_0013	BB_0013	NA	173.3274005	145.970781	191.7997513	178.243829
BB_0014	priA	NA	143.3095618	98.477369	151.8255785	95.140307
BB_0015	udk	NA	865.0549773	696.520927	794.599229	647.795986
BB_0016	BB_0016	NA	1551.672527	1453.848	1370.36758	1256.958568
BB_0017	BB_0017	NA	98.8685845	121.1944595	130.4634035	194.932379
BB_0018	BB_0018	NA	280.7788768	241.871509	338.591002	314.798346
BB_0019	BB_0019	NA	476.8879525	595.0232003	640.895209	968.552344
BB_0020	BB_0020	NA	1050.72055	1138.698308	1101.430694	1520.500699
BB_0021	queA	NA	405.6670263	421.3234755	463.775607	415.61985
BB_0022	ruvB	NA	404.7441948	414.2203215	366.515547	397.733043
BB_0023	ruvA	NA	537.544917	541.9044525	456.3115303	502.529291
BB_0024	BB_0024	NA	639.6788055	706.8824253	649.962143	720.397367
BB_0025	BB_0025	NA	561.3932768	551.1837058	539.1191378	591.978003
BB_0026	BB_0026	NA	697.883574	633.1819105	567.740552	561.92619
BB_0027	BB_0027	NA	2461.176665	2429.564842	2475.22042	1958.64147
BB_0028	BB_0028	P	950.549895	981.7240463	1047.693869	874.811386
BB_0029	BB_0029	NA	87.926842	97.2128815	112.433814	112.650355
BB_0030	lepB	NA	181.5098435	141.183379	127.5987338	98.628919
BB_0031	lepB	NA	433.0339203	367.5535805	331.925245	398.522443
BB_0032	BB_0032	NA	165.899953	166.8250183	145.839573	278.532225
BB_0033	smpB	NA	188.7441855	177.9835665	161.636993	293.650364
BB_0034	BB_0034	NA	13650.81302	14518.93563	13235.6377	14829.7398
BB_0035	BB_0035	NA	939.7425623	816.8185163	839.899604	706.517423
BB_0036	BB_0036	NA	1042.578326	887.6277348	961.2951533	966.408996
BB_0037	BB_0037	NA	736.631405	672.7476495	718.3806683	710.922651
BB_0038	BB_0038	NA	502.727137	420.625119	396.1249903	332.334694
BB_0039	BB_0039	NA	1067.785035	910.5668935	809.3399618	947.272001
BB_0040	cheR	NA	106.2254415	197.5153703	205.1192575	275.399195
BB_0042	phoU	NA	588.825859	535.150532	491.8153095	545.020324
BB_0043	BB_0043	NA	455.43755	457.1597188	393.6695325	389.911811
BB_0044	BB_0044	NA	264.1543753	283.0449388	281.6095955	304.350386
BB_0045	BB_0045	NA	108.51728	99.047459	116.8528213	104.784694
BB_0046	rnhB	NA	288.0032455	243.4013548	278.6319248	205.040473
BB_0047	BB_0047	NA	2374.664958	2187.952221	2236.456996	3278.932467
BB_0048	BB_0048	NA	883.2960983	1042.685397	1236.300559	1224.914394
BB_0050	BB_0050	NA	202.2023005	241.7608008	238.4906363	291.746865
BB_0051	BB_0051	NA	156.79163	176.6646908	197.5120143	216.645021
BB_0052	BB_0052	NA	309.1942645	322.1271973	366.2443705	343.154263
BB_0053	ung	NA	510.9778893	482.1826965	522.3765173	376.59375
BB_0054	BB_0054	NA	2308.582738	2106.586823	1946.173983	1840.436582
BB_0055	tpiA	NA	2960.7827	2957.837248	2562.683355	2130.578858
BB_0056	pgk	NA	3685.092761	3337.403229	2861.853132	2558.083664
BB_0057	gap	NA	4599.590949	4477.657557	3759.526885	3416.980626
BB_0058	BB_0058	NA	731.693687	639.0423828	725.6251988	516.966841
BB_0059	BB_0059	NA	883.4171713	795.7345158	836.2554733	707.428769
BB_0060	BB_0060	NA	1287.048141	1342.021538	1250.345216	1321.015433
BB_0061	trx	NA	2426.322381	2373.159738	2188.151635	2242.449982
BB_0062	BB_0062	NA	104.2097625	97.78648875	105.1929885	142.954821
BB_0063	BB_0063	NA	633.084175	509.352782	590.0559013	434.13573
BB_0064	fmt	NA	864.425374	753.5717305	755.8575928	556.065448
BB_0065	def	NA	1113.083965	915.591219	964.559556	771.466259
BB_0066	BB_0066	NA	416.0208603	352.6862203	340.2126058	232.448186
BB_0067	BB_0067	NA	2917.924842	2695.179099	2282.546955	2157.916349
BB_0068	BB_0068	NA	1577.041823	1193.118631	1140.915808	1053.954546
BB_0069	BB_0069	NA	1345.222973	1157.820191	1052.956027	968.084601
BB_0070	BB_0070	NA	1083.705543	1026.511476	959.0698145	917.345117
BB_0071	BB_0071	NA	203.3557675	169.7653185	172.147135	153.653967
BB_0072	BB_0072	NA	270.6691675	179.655046	200.035143	212.752359
BB_0073	BB_0073	NA	108.716142	120.5883228	97.37192075	110.259524
BB_0074	prfB	NA	810.9933605	709.3346293	742.1868445	780.141754
BB_0075	BB_0075	NA	337.0914578	255.0688678	253.9883018	229.970013
BB_0076	ftsY	NA	276.019981	204.9668413	238.2661875	221.400128
BB_0077	BB_0077	NA	239.0998188	144.9186243	182.8196393	115.752286
BB_0078	BB_0078	NA	107.0534528	77.17923775	94.29794925	77.518564
BB_0080	BB_0080	NA	120.661623	77.56167125	110.4192655	63.341787
BB_0081	BB_0081	NA	50.27787625	45.11736575	52.5019185	30.776249
BB_0082	BB_0082	NA	507.3336965	498.9290673	530.9493575	507.244351
BB_0083	BB_0083	NA	1449.460885	1404.517967	1240.943211	1554.659282
BB_0084	BB_0084	NA	699.5072633	754.1001568	663.8461703	519.975781
BB_0085	BB_0085	NA	378.1991323	334.47823	302.3391443	351.134175
BB_0086	BB_0086	NA	283.5189918	261.6775173	260.9490668	270.643606
BB_0087	BB_0087	NA	3243.121689	3160.366819	2773.469941	3298.490668
BB_0088	lepA	NA	940.5366643	851.5393528	822.8416935	759.404039
BB_0089	BB_0089	NA	494.7839485	459.6652943	490.4653	413.887858
BB_0090	BB_0090	NA	2021.793903	1999.133981	1994.360782	1219.894184
BB_0091	BB_0091	NA	1366.826598	1233.233402	1267.679556	922.656388
BB_0092	BB_0092	NA	1246.306032	1032.548718	1097.812803	791.060795
BB_0093	BB_0093	NA	1594.358194	1436.352904	1438.991335	1193.719888
BB_0094	BB_0094	NA	1174.3984	975.8205618	1024.145683	823.891153
BB_0095	BB_0095	NA	1111.099262	956.4558548	1031.571498	779.357126
BB_0096	BB_0096	NA	1515.201663	1257.300694	1316.434611	1194.374501
BB_0097	BB_0097	NA	1945.968897	1756.808774	1703.834446	1586.194648
BB_0098	BB_0098	NA	197.2686013	115.9684235	165.3297655	152.145083
BB_0099	rsgA	NA	302.137638	228.1776655	272.2684288	313.575008
BB_0100	murI	NA	808.160654	721.9645165	805.3245875	1033.664932
BB_0101	asnS	NA	202.3080163	176.3002585	174.9985755	218.378466
BB_0102	BB_0102	NA	143.2090308	163.4641483	134.3742555	192.954166
BB_0103	BB_0103	NA	731.6306395	631.4491695	635.7576035	454.525658
BB_0104	BB_0104	NA	2442.627412	2375.157278	1836.62122	1433.618708
BB_0105	map	NA	1064.534324	835.7494715	757.9915953	615.566381
BB_0106	BB_0106	NA	564.5508973	495.4578018	447.43576	327.773926
BB_0107	nusB	NA	753.4978568	661.917539	591.2372603	518.951074
BB_0108	BB_0108	NA	1058.734083	917.8560498	895.8778888	1008.702303
BB_0109	BB_0109	NA	883.304188	769.9678115	769.6416673	589.047697
BB_0110	BB_0110	NA	273.4983335	284.7941163	265.704111	246.082066
BB_0111	dnaB	NA	822.9557815	749.8787895	797.4175568	632.773567
BB_0112	rplI	NA	2847.755865	2602.806349	2486.674312	2304.2013
BB_0113	rpsR	NA	1728.224441	1760.506322	1474.924624	1334.289234
BB_0114	BB_0114	NA	1936.378391	1510.854937	1452.668824	1372.884057
BB_0115	BB_0115	NA	2782.251976	2283.451939	2091.485732	1997.393676
BB_0116	BB_0116	NA	137.4317325	158.577518	174.409425	190.141155
BB_0117	BB_0117	NA	92.279607	79.41531925	94.776754	72.871884
BB_0118	rseP	NA	279.3392705	232.4292395	272.124795	246.361411
BB_0119	cdsA	NA	575.2907643	549.5946023	580.7566708	538.184285
BB_0120	uppS	NA	1401.506863	1252.059733	1220.186091	1295.070836
BB_0121	frr	NA	2412.556441	2130.532394	2167.410333	2198.236097
BB_0122	tsf	NA	2289.385729	2039.934952	1865.193957	1985.722879
BB_0123	rpsB	NA	2662.039106	2423.418904	2229.780946	2530.606137
BB_0124	BB_0124	NA	208.5385035	158.5643413	250.1453125	230.889992
BB_0125	BB_0125	NA	1076.783221	968.6951103	1066.90587	867.995371
BB_0126	BB_0126	NA	1810.781044	1519.401428	1453.855795	1207.343486
BB_0127	BB_0127	NA	1534.391403	1241.673504	1214.576246	1170.892155
BB_0128	cmk	NA	791.6911463	652.2480448	633.854407	584.140947
BB_0129	BB_0129	NA	759.4337403	570.7168478	640.9189968	435.802712
BB_0130	BB_0130	NA	707.1619653	538.1690348	622.7353015	384.158661
BB_0131	recA	NA	1629.522166	1485.778623	1471.633232	1158.395366
BB_0132	BB_0132	NA	1518.054488	1296.699351	1351.497675	1038.324149
BB_0133	BB_0133	NA	2152.811043	1892.957142	1799.249872	1697.238637
BB_0134	BB_0134	NA	102.4749248	89.880276	80.52254925	70.698065
BB_0135	hisS	NA	402.2646138	329.1112943	336.6145188	333.226882
BB_0136	BB_0136	NA	122.2495053	111.5328738	117.8205955	122.406298
BB_0137	BB_0137	NA	2120.644197	2130.489001	1832.177046	2208.982096
BB_0138	BB_0138	NA	12.17619425	27.79598	33.848844	14.042486
BB_0139	BB_0139	NA	613.1072923	573.534671	613.9461188	571.755928
BB_0140	BB_0140	NA	570.197325	587.7366835	644.5005885	686.925355
BB_0141	BB_0141	P	732.8824098	737.254454	808.0388528	867.645054
BB_0142	BB_0142	NA	506.440286	453.6082483	502.921642	556.816044
BB_0143	BB_0143	NA	260.928993	284.173726	300.3642013	303.958686
BB_0144	BB_0144	P	852.205732	842.509887	849.0795638	969.266683
BB_0145	BB_0145	NA	383.5514158	352.1886938	362.3939165	470.650715
BB_0146	BB_0146	NA	384.6551995	309.0750975	350.0253343	262.281222
BB_0147	BB_0147	NA	23217.26669	26235.36617	22234.9752	16670.15083
BB_0149	BB_0149	NA	1202.705262	1039.745402	990.687914	975.758627
BB_0151	nagA	NA	402.8284753	442.5332865	367.3306075	370.311092
BB_0152	nagB	NA	242.0957963	286.5087268	274.385757	227.167148
BB_0153	BB_0153	NA	1386.113291	1381.229129	1333.571651	1152.72082
BB_0154	secA	NA	2332.332309	2199.772137	2140.436428	1829.597635
BB_0155	BB_0155	P	175.03271	162.6993573	169.3271585	216.184208
BB_0156	BB_0156	NA	35.1562545	30.91192175	25.872905	53.160842
BB_0157	BB_0157	NA	671.949573	790.325364	762.0021233	748.088133
BB_0158	BB_0158	S	840.5407013	810.1471158	779.826468	882.705865
BB_0159	BB_0159	NA	318.4317793	311.9051318	303.9707688	323.14776
BB_0160	alr	NA	88.3773145	92.001984	84.9963885	92.924161
BB_0161	BB_0161	NA	309.8444123	298.699481	307.3052325	306.286848
BB_0162	BB_0162	NA	915.1262658	705.7633568	529.3745015	665.541574
BB_0163	BB_0163	NA	666.0997283	630.234275	620.3315325	724.25804
BB_0164	BB_0164	NA	126.940495	104.037137	124.1645753	89.406204
BB_0165	BB_0165	NA	198.3050378	200.6121253	204.82239	173.633581
BB_0166	malQ	NA	129.326988	155.6278618	95.41707175	104.201621
BB_0167	BB_0167	NA	147.4246748	135.1847823	159.0628183	151.123561
BB_0168	BB_0168	NA	545.4860798	598.842125	552.374503	578.862498
BB_0169	infA	NA	635.9249393	637.1399203	690.1831023	675.11364
BB_0170	BB_0170	NA	325.4905555	262.5839383	303.441649	282.091264
BB_0171	BB_0171	S	914.952128	873.2143268	927.2386005	682.506543
BB_0172	BB_0172	NA	465.860261	309.156405	380.6498918	234.760978
BB_0173	BB_0173	NA	406.4921758	287.6061128	320.5591368	208.684553
BB_0174	BB_0174	NA	293.5171215	202.3507735	237.5683868	166.426209
BB_0175	BB_0175	NA	850.8016325	694.7574903	687.9113415	500.781125
BB_0176	BB_0176	NA	1131.005171	963.5664458	926.314007	890.982928
BB_0177	gidB	NA	494.940745	373.671207	437.0463798	321.775076
BB_0178	gidA	NA	1192.388437	1105.676167	1032.97782	956.212852
BB_0179	trmE	NA	1326.669283	1325.788644	1133.894749	993.647115
BB_0180	BB_0180	NA	1230.350203	1119.575396	1076.574821	1419.800358
BB_0181	flgK	NA	997.1341385	857.7529925	959.8532473	1040.986364
BB_0182	flgL	NA	963.797817	881.022821	910.5606218	961.542127
BB_0183	BB_0183	NA	613.0160445	759.5214613	667.7305235	767.389145
BB_0184	csrA	NA	76.68251525	102.7111588	99.11831	122.431029
BB_0185	BB_0185	NA	195.6573278	147.6315395	209.6241983	94.122008
BB_0186	BB_0186	NA	870.958244	778.889941	799.1507928	628.855979
BB_0187	BB_0187	NA	2162.160208	2106.453667	2213.502348	1880.363408
BB_0188	rplT	NA	5880.572692	4834.92167	4952.192285	5181.495466
BB_0189	rpmI	NA	2420.877599	2299.898758	2165.169788	2491.17611
BB_0190	infC	NA	3802.005218	3518.345878	3258.972749	3201.012016
BB_0192	BB_0192	NA	78.950527	86.2650485	76.118206	92.718236
BB_0193	BB_0193	P	64.051977	75.565514	60.7386835	64.630842
BB_0194	BB_0194	NA	739.891534	729.779198	741.20577	735.912307
BB_0195	BB_0195	NA	1438.502423	1345.705178	1258.105039	1348.633245
BB_0196	prfA	NA	169.4944573	119.8183775	139.5267698	151.503396
BB_0197	BB_0197	NA	405.4895335	366.5297548	382.8784853	379.347107
BB_0198	BB_0198	NA	330.0886263	278.1213945	320.6048108	365.850293
BB_0199	BB_0199	NA	52.8403345	50.65434775	65.912374	55.499658
BB_0200	BB_0200	NA	420.0520423	349.323423	327.2632745	332.505128
BB_0201	BB_0201	NA	507.1327385	432.702284	382.4298533	423.365228
BB_0202	BB_0202	NA	384.2201458	356.8565413	353.6788118	409.094077
BB_0203	hflK	NA	435.186429	406.2083938	395.0478695	547.849466
BB_0204	hflC	NA	425.6777445	377.3956315	404.407709	532.011232
BB_0205	BB_0205	NA	124.925485	81.70526325	97.33767525	89.63629
BB_0206	BB_0206	NA	229.1061755	174.1524288	232.855614	164.154472
BB_0207	galU	NA	302.568863	253.4946888	313.3694385	300.030349
BB_0208	BB_0208	NA	88.3477825	72.199584	107.2163618	105.484666
BB_0209	BB_0209	NA	1142.919051	1145.22562	1114.62437	1244.185523
BB_0210	BB_0210	NA	708.990154	633.0159838	651.1890508	692.496538
BB_0211	BB_0211	NA	311.3826005	217.7033715	263.2607988	221.960497
BB_0212	BB_0212	NA	234.4243558	294.9801218	268.5810143	417.628723
BB_0213	BB_0213	S	235.1220848	238.1360718	264.3699743	171.834284
BB_0214	efp	NA	317.1957538	264.3144733	199.2533573	241.861852
BB_0215	BB_0215	P	278.8676105	248.2319308	258.6283688	436.351608
BB_0216	pstC	NA	266.8329445	238.5216313	251.2248673	209.107999
BB_0217	pstA	NA	140.339559	124.840883	148.1880505	156.139
BB_0218	pstB	NA	421.4028163	534.7826715	476.2629113	449.387099
BB_0219	BB_0219	NA	1361.376984	1680.981491	1479.65122	1195.254939
BB_0220	BB_0220	NA	1055.594665	1047.744235	947.9179853	898.526594
BB_0221	BB_0221	NA	422.175933	315.766865	339.934655	415.983892
BB_0222	BB_0222	NA	295.2689465	262.8958803	248.9750438	333.931781
BB_0223	BB_0223	NA	70.11036	64.48432425	73.27420125	93.787826
BB_0224	BB_0224	P	83.11082425	85.6732235	97.4593105	39.787045
BB_0225	BB_0225	NA	144.3729983	111.503386	125.367297	110.539419
BB_0226	serS	NA	508.5480563	516.031777	461.4280035	497.034282
BB_0227	BB_0227	P	287.2555728	218.4397453	205.2063073	272.35555
BB_0228	BB_0228	NA	394.9345718	344.9134023	355.4786425	400.796633
BB_0229	rpmE	NA	2369.175003	2342.871598	2490.763834	1965.340208
BB_0230	rho	NA	1347.988349	1092.814014	1330.294231	902.892957
BB_0231	BB_0231	NA	759.4553683	605.006335	657.4610138	696.936808
BB_0232	hbb	NA	1406.101877	1510.986754	1639.261278	1429.118472
BB_0233	rpsT	NA	5070.889546	5711.664203	5442.267341	6068.413431
BB_0234	BB_0234	NA	289.594497	245.6710948	268.662426	228.071332
BB_0235	ychF	NA	859.0576165	721.9095578	762.8981768	689.991346
BB_0236	BB_0236	NA	1278.678553	1219.506907	1238.284931	1247.05745
BB_0237	lnt	NA	320.317259	369.9162495	375.9403475	315.530052
BB_0238	BB_0238	NA	2933.10754	3839.147736	3465.042221	4320.237517
BB_0239	BB_0239	NA	292.2723323	261.3926173	257.1878078	238.877481
BB_0240	BB_0240	NA	1377.109905	2700.472458	4770.108286	8865.19145
BB_0241	glpK	NA	1252.92085	2425.540337	4500.617877	8701.300193
BB_0242	BB_0242	NA	176.794145	515.6265878	1175.930348	1712.02473
BB_0243	BB_0243	NA	902.5956343	1952.79478	3969.13949	8433.337056
BB_0244	BB_0244	NA	528.0886408	501.6332048	467.526062	472.311829
BB_0245	BB_0245	NA	729.4319183	665.288275	563.6535465	589.87725
BB_0246	BB_0246	NA	867.8183653	868.9120768	788.781771	819.603465
BB_0247	rdgB	NA	120.4480868	86.809388	92.46872225	103.615548
BB_0248	pepF	NA	516.0965043	452.7263193	490.484173	533.121411
BB_0249	BB_0249	NA	311.0501895	326.6046905	323.4441948	340.870509
BB_0250	BB_0250	NA	558.556499	556.9391523	580.987491	566.02114
BB_0251	leuS	NA	417.0620445	339.4474295	339.5302383	267.826381
BB_0252	BB_0252	NA	332.4595375	308.7073188	268.0838818	207.914012
BB_0253	lon	NA	1051.882246	920.0621648	860.0867053	812.279558
BB_0254	recJ	NA	605.415562	450.7238668	557.2710158	496.379557
BB_0255	BB_0255	NA	530.8388615	482.5780793	628.463507	607.090585
BB_0256	rpsU	NA	1367.264649	1022.34096	1122.862364	1474.461081
BB_0257	BB_0257	NA	304.1379658	277.1408158	303.1341765	344.614355
BB_0258	BB_0258	NA	252.3802683	219.1475128	226.2144993	210.403959
BB_0259	BB_0259	P	539.542916	445.5286345	472.880514	468.902643
BB_0260	BB_0260	NA	858.5878185	687.971372	714.6870905	669.14847
BB_0261	BB_0261	NA	280.8418875	295.7050285	286.210939	253.471108
BB_0262	BB_0262	NA	90.7711665	87.618175	95.42029875	89.072915
BB_0263	lepB	NA	163.244837	154.6173448	146.975984	195.382161
BB_0264	BB_0264	NA	646.502073	543.8687813	595.0583828	512.531523
BB_0265	BB_0265	NA	1163.460999	1017.288491	1079.57067	1385.619225
BB_0266	BB_0266	NA	772.2673978	616.5242303	669.426095	694.634998
BB_0267	BB_0267	NA	846.1673795	634.1486663	752.0057228	784.661357
BB_0268	BB_0268	NA	1036.039026	845.217137	959.4427178	1017.530136
BB_0269	BB_0269	NA	1413.692396	1162.069456	1162.92037	1322.046346
BB_0270	BB_0270	NA	850.1280993	635.2129083	677.3075518	540.827366
BB_0271	flhA	NA	970.4802338	764.9508833	790.9062188	649.898154
BB_0272	flhB	NA	871.9838358	753.7775893	748.2165708	931.061876
BB_0273	fliR	NA	121.1135615	95.03640775	131.1901883	66.631344
BB_0274	fliQ	NA	32.111595	25.59724575	29.484531	11.025952
BB_0275	fliP	NA	578.3822623	554.2651695	664.424545	452.725307
BB_0276	BB_0276	NA	947.5580568	888.1412203	927.8480235	698.524911
BB_0277	BB_0277	NA	1927.372151	1633.625579	1738.364431	1520.111901
BB_0278	fliM	NA	1545.446774	1283.38356	1361.89913	1043.284031
BB_0279	fliL	NA	1469.849815	1211.309812	1235.157057	1041.681758
BB_0280	BB_0280	NA	1601.847976	1327.802994	1337.614445	1144.889446
BB_0281	BB_0281	NA	1925.438029	1682.108685	1599.140398	1350.70614
BB_0282	BB_0282	NA	1598.213001	1420.470889	1110.028835	1075.030354
BB_0283	BB_0283	NA	2227.874232	1977.198306	1911.663788	1903.434562
BB_0284	flgD	NA	1729.485574	1414.576101	1395.221545	1501.801536
BB_0285	BB_0285	NA	1062.014182	803.9432735	833.5391793	1019.614322
BB_0286	BB_0286	NA	1265.252198	1004.624456	1137.611442	959.747394
BB_0287	BB_0287	NA	141.8204328	108.9125215	152.6366993	105.055949
BB_0288	fliI	NA	737.7668478	553.548126	579.0692648	451.450948
BB_0289	BB_0289	NA	1281.861582	975.1248948	997.1988058	839.695693
BB_0290	fliG	NA	1354.879105	1115.188981	1120.888335	939.518074
BB_0291	fliF	NA	1013.071882	923.7425523	927.1289513	892.143638
BB_0292	fliE	NA	2378.191213	2410.600179	2340.513102	2370.207257
BB_0293	flgC	NA	2917.675135	2838.119365	2728.040534	2800.728429
BB_0294	flgB	NA	1868.669022	1831.091746	1647.164349	1801.805435
BB_0295	hslU	NA	717.7930368	457.89582	522.3017858	307.76155
BB_0296	BB_0296	NA	650.9715173	414.9821928	461.5550088	284.356015
BB_0297	BB_0297	NA	578.0015988	392.0868553	435.6614198	337.510308
BB_0298	BB_0298	P	675.9782745	507.2642468	563.8819828	484.82457
BB_0299	ftsZ	NA	1363.084932	1153.043287	1114.486282	1015.913102
BB_0300	ftsA	NA	1824.208602	1575.266789	1434.844909	1415.349424
BB_0301	BB_0301	NA	806.5222305	550.5477973	568.6618508	532.06137
BB_0302	ftsW	NA	190.6705583	145.581723	154.3687183	109.945803
BB_0303	mraY	NA	183.3186723	163.9804858	161.2073375	129.346588
BB_0304	BB_0304	NA	172.1064973	134.3129053	141.517547	98.101387
BB_0305	BB_0305	NA	98.39983425	57.665448	78.1085875	31.010491
BB_0306	mraW	NA	278.6587798	194.4016168	220.8987438	191.625373
BB_0307	BB_0307	NA	308.838158	235.4879005	227.7509643	212.761116
BB_0308	BB_0308	NA	75.967076	66.98955825	61.8711055	69.289281
BB_0309	BB_0309	NA	117.6098863	110.6692805	101.1055205	93.063795
BB_0311	BB_0311	NA	129.336945	154.3076718	156.069556	180.88816
BB_0312	BB_0312	NA	399.4993683	411.7431253	353.396474	485.557294
BB_0313	rrmJ	NA	425.1341388	448.9176845	424.5607923	496.150406
BB_0314	BB_0314	NA	77.912226	70.8248805	71.129725	78.440796
BB_0315	BB_0315	NA	83.083701	77.45653925	86.4624035	68.218267
BB_0316	BB_0316	NA	97.08153375	79.7215405	114.9951408	76.876407
BB_0317	BB_0317	NA	149.088488	124.0586873	200.0531035	115.75021
BB_0318	BB_0318	NA	495.863032	423.1433343	589.1657008	420.849204
BB_0319	BB_0319	NA	510.787471	463.5530793	630.123613	504.725718
BB_0321	BB_0321	NA	389.5229905	351.1784943	437.1497293	469.202212
BB_0322	BB_0322	NA	978.5174535	951.4164773	1091.878851	706.908421
BB_0323	BB_0323	P	1946.934787	2635.688848	2414.821053	3674.785037
BB_0324	BB_0324	P	387.9011873	413.5270163	405.1133375	333.225158
BB_0325	BB_0325	NA	456.6205713	407.8782423	427.5768168	387.863383
BB_0326	BB_0326	NA	929.8292303	720.6626548	785.840697	640.000569
BB_0327	BB_0327	NA	2803.31304	2434.080858	2564.948404	2201.677773
BB_0328	BB_0328	P	1861.978258	1907.252575	2297.713533	2928.587695
BB_0329	BB_0329	P	1010.792779	1033.935337	1238.124928	1452.933174
BB_0330	BB_0330	P	935.3510155	1155.543764	1019.130853	1284.524097
BB_0331	BB_0331	NA	6.994306	0	1.00271775	0
BB_0332	BB_0332	NA	1063.279967	973.5758828	939.582159	870.783853
BB_0333	BB_0333	NA	1077.337556	907.5753245	917.8996855	651.008356
BB_0334	BB_0334	NA	953.9339728	833.8487875	840.181042	571.704609
BB_0335	BB_0335	NA	555.3006165	510.7215713	508.5203863	411.600957
BB_0336	BB_0336	NA	767.3053483	664.0686455	740.5176338	621.347997
BB_0337	eno	NA	1671.504837	1661.436273	1268.697882	1421.445075
BB_0338	rpsI	NA	2662.467434	2395.422475	2181.508794	2121.460207
BB_0339	rplM	NA	2390.05821	1906.136194	1806.79998	1595.723475
BB_0340	BB_0340	NA	339.466306	254.6914008	294.9716438	166.007072
BB_0341	BB_0341	NA	677.7175493	516.4205558	579.8762965	454.291234
BB_0342	BB_0342	NA	517.9879818	411.6559525	457.8946383	373.299709
BB_0343	gatC	NA	36.89577225	29.432409	36.615905	15.03539
BB_0344	BB_0344	NA	311.778997	264.872884	386.1599008	321.911217
BB_0345	BB_0345	NA	626.750715	595.266975	744.7967443	653.888956
BB_0346	BB_0346	NA	1310.305468	1304.843937	1515.27307	1267.947545
BB_0347	BB_0347	NA	50.624911	51.304499	58.63136325	62.256298
BB_0348	pyk	NA	1033.208368	1080.675148	986.2850455	1204.132112
BB_0349	BB_0349	NA	162.0135438	203.3487195	179.0247965	132.066329
BB_0350	rpmB	NA	956.632554	914.4813583	881.9018628	832.071194
BB_0351	BB_0351	NA	778.8276745	713.3112785	667.2521648	630.26794
BB_0352	BB_0352	S	142.24181	131.179798	140.2156648	160.821385
BB_0353	BB_0353	NA	157.5147728	145.4100698	171.1172015	164.970741
BB_0354	BB_0354	NA	782.6093018	750.990462	769.2043963	686.946653
BB_0355	BB_0355	NA	4116.593959	4047.413988	3677.398875	3873.863086
BB_0357	BB_0357	NA	98.629001	114.5014123	125.8160715	117.185373
BB_0358	BB_0358	NA	510.0446645	471.3940733	417.420966	506.915459
BB_0359	BB_0359	NA	720.9614805	642.9219515	579.995126	834.436326
BB_0360	BB_0360	NA	267.903344	272.5679815	265.8526635	391.845384
BB_0361	BB_0361	NA	253.659939	201.0839538	213.9654713	275.370132
BB_0362	lgt	NA	345.6833608	286.3455723	322.2909073	330.343752
BB_0363	BB_0363	NA	219.0311085	161.6234583	195.053498	166.356347
BB_0364	mgsA	NA	1891.252317	1887.68826	1870.422291	1788.202925
BB_0365	la7	P	6067.793044	6146.496668	5092.709409	2421.187903
BB_0366	BB_0366	NA	1923.898814	1848.243543	1842.678921	1821.899246
BB_0367	BB_0367	NA	2568.184371	2799.923598	2563.590427	2807.524056
BB_0368	BB_0368	NA	768.5395045	707.260095	687.817358	699.291716
BB_0369	BB_0369	NA	287.1906448	196.0455338	225.4694785	156.073118
BB_0370	tyrS	NA	545.8223448	401.3522268	415.0464223	373.146494
BB_0371	glyS	NA	584.801671	457.7898373	429.8760368	462.720546
BB_0372	gltX	NA	537.048511	457.6832068	409.3168358	432.810658
BB_0373	BB_0373	NA	126.2757983	108.1407275	104.7043945	141.137936
BB_0374	BB_0374	NA	834.5221455	636.1948958	730.198516	819.195131
BB_0375	pfs	NA	668.7588995	527.0850608	671.5748985	700.562283
BB_0376	metK	NA	497.3543528	399.3315758	474.934819	532.736553
BB_0377	luxS	NA	452.0764778	326.6016383	386.0098688	411.497431
BB_0378	BB_0378	NA	194.5962548	228.6584988	233.3952238	216.96333
BB_0379	BB_0379	NA	373.861352	357.7350185	489.2202553	455.307159
BB_0380	mgtE	NA	543.0039405	533.3431043	672.1784023	539.878001
BB_0381	BB_0381	NA	1213.748309	1223.431562	1332.362632	881.301167
BB_0382	bmpB	P	1059.474498	1191.142407	1236.471615	1254.461291
BB_0383	bmpA	S	1774.968936	1766.450748	1873.127861	1976.28365
BB_0384	bmpC	P	279.2978925	266.5827598	449.2368073	425.524554
BB_0385	bmpD	P	1552.43027	1569.828692	2357.687024	2075.297444
BB_0386	rpsG	NA	12376.16668	11021.74705	8392.498065	6801.310495
BB_0387	rpsL	NA	5507.676411	4610.545492	3965.13155	3605.714333
BB_0388	rpoC	NA	3128.501886	2570.750327	2164.316461	1072.400388
BB_0389	rpoB	NA	3174.571752	2674.07739	2324.225107	1226.29768
BB_0390	rplL	NA	4880.030106	4380.339635	3122.848541	2215.649277
BB_0391	BB_0391	NA	2764.095733	2211.368102	2068.009802	1564.333433
BB_0392	rplA	NA	3254.199906	2678.255071	2394.459571	1840.744856
BB_0393	rplK	NA	2353.330659	2010.318134	1851.396451	1478.380504
BB_0394	nusG	NA	2919.822348	2208.375623	2271.746446	2058.910672
BB_0395	secE	NA	1718.962085	1513.673174	1601.971244	1015.59358
BB_0396	rpmG	NA	8593.835574	7270.204895	7732.882241	6342.90259
BB_0397	BB_0397	NA	259.8907788	187.3807028	224.1062525	229.839161
BB_0398	BB_0398	P	369.9540853	319.561655	331.0607845	335.209294
BB_0399	BB_0399	NA	12.13583	11.8260145	18.654998	10.534447
BB_0400	BB_0400	NA	176.6896553	173.8285755	202.4966718	251.321446
BB_0401	BB_0401	NA	248.6306703	223.1240028	227.8845373	206.354449
BB_0402	proS	NA	483.288874	377.8296705	370.991042	298.132135
BB_0403	BB_0403	NA	614.049452	442.0955545	457.9954243	384.430746
BB_0404	BB_0404	NA	21.68572025	32.467693	49.5227935	64.883489
BB_0405	BB_0405	NA	763.1811853	828.4455783	588.3560763	608.383211
BB_0406	BB_0406	NA	212.066835	178.5144233	188.7708083	187.510799
BB_0407	manA	NA	1472.357444	1293.795756	1060.774383	970.8394
BB_0408	BB_0408	NA	1407.229688	1139.532392	1030.667151	1029.541815
BB_0409	BB_0409	NA	216.9219363	187.768683	207.142024	150.944799
BB_0411	BB_0411	NA	166.8197503	104.0388633	142.9847005	96.983696
BB_0412	BB_0412	NA	137.4494455	103.8001658	144.0533188	116.765025
BB_0413	BB_0413	NA	102.2959533	118.9680715	122.5317188	160.359061
BB_0414	BB_0414	NA	56.27558275	55.18846125	77.1844995	73.445903
BB_0415	BB_0415	NA	128.9342708	99.5586905	124.441856	160.605608
BB_0416	BB_0416	NA	589.2107835	565.474661	517.1312033	451.893619
BB_0417	BB_0417	NA	277.186248	290.7523498	262.204801	180.113921
BB_0418	BB_0418	NA	370.0816478	562.1332065	570.4671058	694.586713
BB_0419	BB_0419	NA	417.5462273	330.0598345	341.1540258	255.938865
BB_0420	BB_0420	NA	418.1980395	341.0953083	369.9302403	264.53596
BB_0421	BB_0421	NA	502.2225363	423.2421548	426.3900313	296.487807
BB_0422	BB_0422	NA	274.3665095	222.9560125	248.0566365	161.196544
BB_0426	BB_0426	NA	4185.031856	3653.518313	3513.252687	3645.518318
BB_0427	BB_0427	NA	101.6153448	77.810048	82.39072375	63.013446
BB_0428	BB_0428	NA	1337.6485	1440.830378	1220.677537	1175.134395
BB_0429	BB_0429	NA	179.1516628	192.0579823	155.1513138	178.671844
BB_0430	BB_0430	NA	72.605378	53.5966225	57.16310275	90.722834
BB_0431	BB_0431	NA	156.2363993	138.7219655	135.2497935	171.512509
BB_0432	BB_0432	NA	107.2939845	95.7426115	80.5418025	83.424292
BB_0434	spo0J	NA	127.1590358	101.1422098	110.065113	79.733403
BB_0435	gyrA	NA	5201.77971	4378.287094	4389.782842	3428.891771
BB_0436	gyrB	NA	3469.431419	3032.807653	3127.691154	2440.521697
BB_0437	dnaA	NA	144.5022738	134.338501	135.5187558	97.902581
BB_0438	dnaN	NA	920.4773363	812.315473	748.530515	495.780379
BB_0439	BB_0439	NA	839.856912	675.5658748	672.4894505	502.475074
BB_0440	rpmH	NA	902.9902748	587.478648	572.1208053	601.126441
BB_0441	rnpA	NA	794.542465	589.0941083	673.147988	494.699904
BB_0442	BB_0442	NA	1080.600827	869.4767183	933.6079648	683.194125
BB_0443	BB_0443	NA	1982.681331	1575.793364	1679.255325	1042.40902
BB_0444	BB_0444	NA	1758.371624	1368.511172	1487.740362	754.493694
BB_0445	fbaA	NA	2883.540709	3171.780661	2768.590083	2301.449992
BB_0446	aspS	NA	312.7815738	261.9618235	275.0324758	277.1399
BB_0447	BB_0447	NA	367.9154455	268.6823638	296.972874	316.845994
BB_0448	BB_0448	NA	701.8647193	537.6567165	668.4084995	551.297618
BB_0449	BB_0449	NA	433.3335608	386.456654	492.7858108	482.995258
BB_0450	rpoN	NA	275.098768	170.6756405	196.1915533	134.292799
BB_0451	BB_0451	NA	152.9375013	139.0233325	172.918091	125.587225
BB_0452	BB_0452	NA	231.9015818	267.7969178	243.008129	169.489888
BB_0453	BB_0453	NA	201.9425743	174.5341893	174.0355638	179.197655
BB_0454	BB_0454	NA	407.1073565	421.4392178	323.1385378	346.093703
BB_0455	BB_0455	NA	309.252691	271.4441535	300.294948	194.958223
BB_0456	BB_0456	P	80.150597	79.4735145	106.3731848	61.76516
BB_0457	uvrC	NA	143.1820055	110.16784	128.644027	115.632733
BB_0458	BB_0458	NA	1404.742587	1171.747006	1271.499998	1145.886922
BB_0459	BB_0459	NA	747.3008858	645.4384663	754.4356885	626.386842
BB_0460	BB_0460	P	149.5667775	122.6392295	164.8855645	181.228845
BB_0461	BB_0461	NA	656.986703	542.952222	692.0786063	500.027879
BB_0462	efbC	NA	777.3382053	775.6040243	959.9210998	691.69163
BB_0463	BB_0463	NA	881.3691603	864.085974	1099.502491	1073.776249
BB_0464	BB_0464	NA	489.6020203	408.8136215	519.870234	488.791719
BB_0465	BB_0465	NA	587.9689868	593.3470263	657.1773605	684.883585
BB_0466	BB_0466	NA	512.402442	439.3322605	480.4546218	390.293626
BB_0467	BB_0467	NA	112.8277765	71.30283225	106.0433793	59.089284
BB_0468	BB_0468	NA	571.9049828	489.1490538	567.6406178	327.515212
BB_0469	lspA	NA	333.179521	323.721252	394.181459	224.059868
BB_0470	BB_0470	NA	17.36370175	20.7879425	15.77191075	13.409942
BB_0471	BB_0471	NA	377.4638443	347.5509673	384.7757863	290.667251
BB_0472	murA	NA	245.7820128	195.5776275	235.4338465	175.287416
BB_0473	BB_0473	NA	100.853761	93.5792455	122.6862485	115.300823
BB_0475	BB_0475	P	19.77739125	20.972024	19.36294175	28.278997
BB_0476	tuf	NA	5799.261139	5558.7903	4867.997342	3499.125359
BB_0477	rpsJ	NA	5215.93844	5045.112242	4239.823678	3020.964916
BB_0478	rplC	NA	4980.170805	4621.351029	4056.126202	2572.261832
BB_0479	rplD	NA	4779.109346	4164.164656	3765.582068	2362.388416
BB_0480	rplW	NA	4813.219391	4148.360082	3684.445449	3097.813222
BB_0481	rplB	NA	5212.500136	4322.155059	3947.102952	2610.908793
BB_0482	rpsS	NA	4217.041392	4146.332781	3473.922522	2481.464869
BB_0483	rplV	NA	4400.801533	3599.797446	3641.538254	2315.091311
BB_0484	rpsC	NA	3553.269729	2820.554247	2740.814866	1747.305539
BB_0485	rplP	NA	3497.137684	2755.429805	2700.151441	1635.290293
BB_0486	rpmC	NA	1277.960739	892.8823503	888.3291805	501.560985
BB_0487	rpsQ	NA	3211.745299	2555.229111	2453.512637	1811.31157
BB_0488	rplN	NA	3849.382903	3047.051003	2792.677863	1742.681762
BB_0489	rplX	NA	7098.731587	5696.160121	5171.958387	3525.293949
BB_0490	BB_0490	NA	4193.099516	3538.751494	3243.508516	2191.448835
BB_0491	rpsN	NA	1472.342617	1099.102909	1035.885979	954.509111
BB_0492	rpsH	NA	3652.422732	2996.765779	2831.755947	1794.132736
BB_0493	BB_0493	NA	3812.798999	2947.005654	2929.569835	1919.583771
BB_0494	rplR	NA	3353.735519	2761.647074	2707.306747	1544.285753
BB_0495	rpsE	NA	3767.263159	3008.827048	2897.85763	1996.594691
BB_0496	BB_0496	NA	2030.41338	1737.145079	1728.697966	1050.827044
BB_0497	rplO	NA	2854.84801	2314.688238	2335.853869	1627.116926
BB_0498	BB_0498	NA	2072.333741	1731.820558	1786.263331	1132.936712
BB_0499	rpmJ	NA	364.0560073	300.1210113	267.8653208	152.667033
BB_0500	rpsM	NA	3060.279549	2552.851236	2652.39181	2252.76212
BB_0501	rpsK	NA	3948.199837	3568.482984	3306.384221	2716.021966
BB_0502	rpoA	NA	3321.17633	3093.672706	3022.770798	2499.03047
BB_0503	rplQ	NA	3846.590215	3259.298544	3310.522685	3030.758653
BB_0504	BB_0504	NA	2256.257662	1973.525594	1982.621374	1555.155418
BB_0505	BB_0505	NA	1273.989481	1233.750845	1209.615641	1039.664297
BB_0506	rrmJ	NA	282.1971558	291.6035238	370.500241	291.282029
BB_0507	BB_0507	NA	185.0962593	148.4491645	204.9265708	87.495549
BB_0508	engA	NA	1166.779951	1012.316044	985.8893023	877.640913
BB_0509	BB_0509	NA	496.6017275	412.5258435	415.2224478	327.377664
BB_0511	BB_0511	NA	234.7365188	187.7068205	198.7536123	175.223338
BB_0512	BB_0512	NA	325.6691185	214.2169445	248.4305535	162.068708
BB_0513	BB_0513	NA	770.5180368	613.2734273	571.73313	339.174921
BB_0514	pheT	NA	483.1209633	341.0510603	358.1642965	190.999323
BB_0515	trxB	NA	249.9134095	192.4790035	231.282801	138.55407
BB_0516	BB_0516	NA	77.62524025	84.34972875	80.2006715	84.632924
BB_0517	dnaJ	NA	130.954128	126.8958338	104.8262558	182.474985
BB_0518	dnaK	NA	1445.860823	1211.721553	838.4935588	1007.993161
BB_0519	grpE	NA	1255.507631	832.4655808	691.3116963	1284.410958
BB_0522	BB_0522	NA	560.4058223	505.3304335	440.2906618	779.251539
BB_0524	BB_0524	NA	99.06609075	97.60901475	109.7337488	132.707346
BB_0525	BB_0525	NA	594.4087295	557.550728	498.163864	549.601317
BB_0526	BB_0526	NA	333.0195883	323.4922258	278.6495908	368.736014
BB_0527	BB_0527	NA	65.51292325	56.33730025	64.97238775	100.09485
BB_0528	BB_0528	NA	167.775749	163.951954	185.2712673	275.800616
BB_0530	BB_0530	NA	102.9303308	90.341339	146.7906958	132.179049
BB_0531	BB_0531	NA	99.206047	93.799375	86.79061225	90.853562
BB_0532	BB_0532	NA	319.0964573	290.5001513	288.32692	284.273275
BB_0533	BB_0533	NA	808.2668295	837.2189055	1020.427042	1109.671624
BB_0534	xth	NA	191.8085248	212.5981685	274.2589308	295.637326
BB_0535	BB_0535	NA	113.8657303	131.5918788	185.3560218	200.917609
BB_0536	BB_0536	P	223.2843983	248.5262913	300.8308113	315.692308
BB_0537	BB_0537	NA	737.767142	741.5736185	755.742108	298.101215
BB_0538	BB_0538	NA	730.9485518	636.2538085	729.5947133	264.708109
BB_0539	BB_0539	NA	4831.847723	5140.69173	4702.82164	3480.073698
BB_0540	fusA	NA	3838.634175	3686.261252	3645.425147	2901.514184
BB_0542	BB_0542	P	832.7705985	844.9507835	1045.909868	690.071825
BB_0543	BB_0543	NA	1877.306944	1708.863875	1680.742158	1405.490999
BB_0544	BB_0544	NA	1063.606429	915.6712633	962.862579	747.612644
BB_0545	BB_0545	NA	268.7866543	216.5165838	262.7634663	167.570004
BB_0546	BB_0546	NA	213.2819588	205.793485	233.0997468	280.217831
BB_0547	coaE	NA	105.2506883	59.80289225	93.31492825	78.245962
BB_0548	polA	NA	335.7482393	221.7578618	269.7098488	245.822745
BB_0549	BB_0549	NA	44.0542715	47.9848165	57.421823	26.854446
BB_0550	fliS	NA	660.33487	634.828273	542.3270008	554.391635
BB_0551	BB_0551	NA	709.0691988	699.8526575	623.0153518	676.95242
BB_0552	ligA	NA	108.0539533	89.9233345	83.564472	79.318498
BB_0553	BB_0553	NA	618.658774	496.9798848	518.2055403	472.405775
BB_0554	BB_0554	NA	204.3261688	175.3679925	236.5755825	193.662311
BB_0555	BB_0555	NA	155.1931018	147.4624888	227.664803	160.604029
BB_0556	BB_0556	NA	66.16184225	59.9987645	85.10073475	80.221054
BB_0557	BB_0557	NA	2082.491016	1942.622732	1761.774737	1737.52199
BB_0558	ptsP	NA	3353.763361	2904.364254	2567.276693	2869.928343
BB_0559	BB_0559	NA	4197.841389	4061.240038	3246.84522	3636.102395
BB_0560	BB_0560	NA	1650.498658	1536.411213	1370.019456	1717.477581
BB_0561	gnd	NA	785.570152	655.1029878	560.7348435	581.296224
BB_0562	BB_0562	NA	352.922703	406.2073823	430.5527903	415.170598
BB_0563	BB_0563	NA	486.3611705	608.7098108	623.1879215	813.984098
BB_0564	BB_0564	NA	339.504663	295.2635483	278.1167065	285.131313
BB_0565	BB_0565	NA	545.4318045	702.3870633	826.3776718	967.366335
BB_0566	BB_0566	NA	341.2213838	515.5005935	516.5703558	624.086131
BB_0567	BB_0567	NA	504.028833	638.8271543	661.5726293	770.682016
BB_0568	BB_0568	NA	654.374793	615.2778115	620.6870268	657.272264
BB_0569	BB_0569	NA	392.4117528	323.7574588	370.784554	400.522935
BB_0570	BB_0570	NA	1988.605469	2204.013719	2110.012358	2181.422669
BB_0571	BB_0571	NA	344.379874	289.414447	285.7628878	302.367921
BB_0572	BB_0572	NA	808.2313538	697.7139055	633.0643985	619.026485
BB_0573	BB_0573	NA	427.4839585	377.1873398	340.366057	295.767749
BB_0574	BB_0574	NA	57.1294985	38.27379825	53.45533275	33.953495
BB_0575	pyrG	NA	485.6815608	469.4497498	455.294229	418.186907
BB_0576	BB_0576	NA	236.0691993	197.5754923	241.8321948	221.771996
BB_0577	BB_0577	NA	375.5905883	354.5929798	366.7504118	356.138078
BB_0578	BB_0578	NA	458.1536668	393.443168	416.70819	441.547193
BB_0579	BB_0579	NA	949.6455253	604.8497223	590.5912043	509.690206
BB_0580	BB_0580	NA	406.476903	327.771934	286.119561	255.173182
BB_0581	recG	NA	309.1035475	206.359034	215.3298373	194.418932
BB_0582	BB_0582	NA	1048.066609	1075.242847	955.3136398	912.705837
BB_0583	BB_0583	NA	266.8351948	250.4491283	309.7603813	227.08945
BB_0584	BB_0584	NA	247.9997485	227.2626408	301.2326888	183.947857
BB_0585	murD	NA	217.5699523	199.854156	225.5389048	172.256383
BB_0586	BB_0586	NA	107.99227	75.36886925	68.13958125	64.806612
BB_0587	metG	NA	217.8964215	204.5429808	177.6338538	149.010248
BB_0588	bgp	NA	334.7649838	292.3910013	291.1654628	455.562822
BB_0589	pta	NA	256.1645945	258.6521985	258.138469	203.211373
BB_0590	ksgA	NA	249.4400838	173.2690105	198.1656263	248.684828
BB_0591	BB_0591	NA	212.8708548	206.1447838	211.5474053	277.637191
BB_0592	BB_0592	NA	1204.21036	1072.58918	1281.56729	840.001339
BB_0593	BB_0593	NA	1489.122023	1394.128993	1518.555831	1283.32933
BB_0594	argS	NA	446.4357795	412.5216775	476.4401538	519.92628
BB_0595	BB_0595	NA	219.0312255	197.6286885	267.2064963	308.341224
BB_0596	BB_0596	NA	492.681419	480.1513948	500.3290623	584.41852
BB_0597	BB_0597	NA	460.2907848	501.6994773	471.6794883	439.700129
BB_0598	murB	NA	148.4830793	161.7507795	170.892343	165.197601
BB_0599	cysS	NA	433.2193473	382.0701383	415.6374265	698.181661
BB_0600	BB_0600	NA	152.1921435	116.3268763	159.1982433	153.61889
BB_0601	glyA	NA	733.6965065	682.4548433	666.6877255	734.777647
BB_0602	BB_0602	NA	530.9866803	551.69586	524.266239	589.969704
BB_0603	p66	NA	4164.061825	5787.365535	4705.778416	6333.793219
BB_0604	BB_0604	NA	323.4460295	361.4790943	265.0575085	228.602409
BB_0605	BB_0605	NA	200.2248143	152.5474953	176.4351535	165.956043
BB_0606	BB_0606	NA	696.8721823	649.3760018	676.0729843	656.262828
BB_0607	pcrA	NA	279.3061508	221.4907145	294.3967468	187.646323
BB_0608	BB_0608	NA	954.9064253	768.7021255	739.117726	615.918253
BB_0610	tig	NA	1407.555846	1072.117136	1104.196772	801.368538
BB_0611	clpP	NA	1915.784273	1772.242026	1598.484919	1274.191604
BB_0612	clpX	NA	1448.587909	1094.308032	1048.689964	783.833251
BB_0613	lon	NA	1756.984861	1365.507989	1234.070843	831.107398
BB_0614	BB_0614	NA	2337.118859	1687.867401	1246.758757	988.737325
BB_0615	rpsD	NA	4498.704572	3726.668227	3827.976055	3691.239715
BB_0616	BB_0616	NA	194.3823018	175.4445145	172.925208	207.192164
BB_0617	BB_0617	NA	24.66329575	20.636009	21.461368	22.425666
BB_0618	cdd	NA	457.116869	422.7213013	416.2679893	507.092905
BB_0619	BB_0619	NA	526.9343958	463.5071915	460.540425	514.519398
BB_0620	BB_0620	NA	106.96611	86.93588875	105.0477193	121.982386
BB_0621	BB_0621	NA	966.2758013	919.0655748	954.3977523	1004.164919
BB_0622	ackA	NA	171.1553753	169.8755725	171.5490673	238.253771
BB_0623	mfd	NA	47.96371025	36.97683775	44.360819	37.904996
BB_0624	BB_0624	NA	557.5509565	593.5126085	564.5797313	620.731435
BB_0625	BB_0625	NA	268.462316	262.7894173	308.0688503	252.349263
BB_0626	rnmV	NA	267.1308915	271.8695068	270.9426153	381.97164
BB_0627	BB_0627	NA	244.1236715	237.545386	189.1922055	259.949796
BB_0628	BB_0628	P	611.489472	554.0805395	510.3371883	609.913785
BB_0629	BB_0629	NA	787.8417135	1005.051477	798.2597685	991.932051
BB_0630	pfkB	NA	77.8603085	88.95869825	75.50040225	122.346399
BB_0631	BB_0631	NA	13506.75215	17606.82331	19076.3364	21132.93398
BB_0632	recD	NA	91.1669465	60.22870075	96.21055075	47.432046
BB_0633	recB	NA	105.8971828	71.7082875	98.1059305	80.621454
BB_0634	recC	NA	146.4880388	114.2173073	146.4589473	97.807017
BB_0635	pncB	NA	111.494314	100.549028	105.6431473	117.126661
BB_0636	zwf	NA	466.6287303	354.2077793	375.6927593	336.559093
BB_0637	BB_0637	NA	431.1948005	554.6303923	547.4343535	563.467015
BB_0638	BB_0638	NA	293.1624953	425.226963	431.759034	399.13134
BB_0639	BB_0639	P	181.0718853	201.4775533	173.6444578	202.256837
BB_0640	BB_0640	NA	87.42745275	53.17941825	85.0841565	89.746101
BB_0641	BB_0641	NA	123.785017	84.33986475	107.1928145	123.533866
BB_0642	potA	NA	349.0205423	233.0294275	279.8821765	272.99804
BB_0643	ylqF	NA	172.18504	120.5071858	120.7357648	113.625513
BB_0644	BB_0644	NA	282.7025518	220.6523718	178.4578793	205.603525
BB_0645	BB_0645	NA	244.7277663	200.5996525	168.7698675	148.277169
BB_0646	BB_0646	NA	549.3665308	584.672191	619.936983	826.371961
BB_0647	bosR	NA	397.8999818	478.4798898	503.7697253	660.969588
BB_0648	BB_0648	NA	152.5834053	142.9940015	146.9680623	123.289086
BB_0649	groL	NA	8524.101193	7523.990873	6182.806962	5594.444661
BB_0650	BB_0650	NA	2270.563653	1762.340484	1679.573277	1346.124965
BB_0651	yajC	NA	3615.752567	3024.696132	3005.708663	2544.259231
BB_0652	secD	P	2698.511757	2332.707556	2404.622206	1986.07652
BB_0653	secF	NA	828.2086713	938.6884843	960.812872	772.957715
BB_0654	BB_0654	NA	492.778711	470.240507	476.399437	352.149455
BB_0655	BB_0655	NA	112.109662	113.750169	119.7864253	146.940459
BB_0656	BB_0656	NA	49.9189345	62.933523	99.24627175	135.981409
BB_0657	rpiA	NA	363.9730538	385.169956	359.2798245	439.39747
BB_0658	BB_0658	NA	721.3496808	793.378118	516.1603953	413.13316
BB_0659	lysS	NA	938.4586808	865.943107	764.9798688	868.511627
BB_0660	era	NA	286.5041848	226.2640908	274.5271565	280.338659
BB_0661	BB_0661	NA	757.9141388	747.850465	626.842115	508.079855
BB_0662	BB_0662	NA	418.1242975	394.3409793	355.6387448	473.267801
BB_0663	BB_0663	NA	358.747128	363.8336743	342.2612925	381.787061
BB_0664	BB_0664	P	306.175618	303.492807	281.39321	330.693307
BB_0665	BB_0665	NA	535.0112338	405.628605	381.147498	400.289555
BB_0666	BB_0666	NA	476.7345295	374.1785993	411.1123523	431.111764
BB_0667	BB_0667	NA	644.3156625	582.8335315	655.2501443	585.127244
BB_0668	BB_0668	NA	1779.048687	1670.470343	1666.771296	1610.143781
BB_0669	BB_0669	NA	697.7218903	510.5215318	563.0031883	411.967781
BB_0670	BB_0670	NA	786.3580003	745.5190718	817.0362998	733.043494
BB_0671	BB_0671	NA	1026.126176	905.8624285	960.8586408	1007.220131
BB_0672	BB_0672	NA	1128.907866	1201.288793	1261.916824	1150.419632
BB_0673	BB_0673	NA	54.198659	57.0327295	60.5796505	83.947592
BB_0674	BB_0674	NA	182.7593035	180.3612395	172.8707125	156.701635
BB_0675	BB_0675	NA	337.298934	322.9739365	268.3903815	266.510078
BB_0676	BB_0676	NA	476.117153	461.1170668	375.7826353	353.413801
BB_0677	rbsA	NA	1005.11825	806.494295	750.987164	524.117783
BB_0678	BB_0678	NA	942.8888873	834.4015705	740.072718	665.181125
BB_0679	BB_0679	NA	523.593061	499.9454795	512.2911528	380.80511
BB_0680	BB_0680	NA	660.079493	1191.517666	1196.566841	1373.993894
BB_0681	BB_0681	NA	634.7760548	1293.968064	1255.23398	1358.189004
BB_0682	trmU	NA	190.3850345	182.0869305	169.3340455	216.670918
BB_0683	BB_0683	NA	1343.137375	1054.051259	1008.425758	720.218535
BB_0684	fni	NA	915.4847988	673.5075268	651.3018518	418.448717
BB_0685	BB_0685	NA	334.8000215	206.2240693	224.0608053	106.420641
BB_0686	mvaD	NA	498.2669753	378.1520225	343.0322213	242.781958
BB_0687	BB_0687	NA	765.1058498	590.3167308	572.7734808	543.899747
BB_0688	mvk	NA	281.9246763	256.8703758	266.819016	223.666612
BB_0689	BB_0689	S	115.9659948	204.4159068	203.0566728	363.864982
BB_0690	napA	NA	3476.597321	4498.818093	3601.00946	4974.950488
BB_0691	fusA	NA	1442.858594	1538.059053	1330.863856	1677.088146
BB_0693	BB_0693	NA	702.7752775	530.5642098	582.3446833	495.335515
BB_0694	ffh	NA	1586.525648	1194.717174	1203.742391	1355.254381
BB_0695	rpsP	NA	1393.19756	1015.856188	1067.284066	1333.451113
BB_0696	BB_0696	NA	1437.129906	942.4917328	1029.216572	1337.171725
BB_0697	rimM	NA	1313.247354	1094.440595	1113.830551	1175.099916
BB_0698	trmD	NA	1552.860097	1408.913868	1394.55545	1368.51621
BB_0699	rplS	NA	2644.403601	2173.397172	2359.119587	1999.073553
BB_0701	BB_0701	NA	673.4541773	634.2686743	667.4092235	516.736652
BB_0702	coaD	NA	542.3555983	463.8280883	491.8819105	427.037418
BB_0703	rpmF	NA	1005.25538	912.901241	972.012269	672.438015
BB_0704	acpP	NA	2172.569918	2110.26764	1874.770231	1958.209138
BB_0705	rnc	NA	957.5662293	886.880154	894.2210653	916.550234
BB_0706	BB_0706	NA	103.4616428	111.707467	118.8152828	114.40257
BB_0707	BB_0707	NA	326.8429088	392.342089	401.816881	470.92597
BB_0708	BB_0708	NA	17.5852745	27.740775	28.28516175	14.381677
BB_0709	BB_0709	NA	439.4202648	359.471832	347.1800928	183.508524
BB_0710	dnaG	NA	481.606645	351.6381698	389.8039015	225.303838
BB_0712	BB_0712	NA	1082.707552	740.231236	804.7330048	539.723309
BB_0713	BB_0713	NA	1048.983136	779.0185983	733.880941	415.780735
BB_0714	BB_0714	NA	382.1984985	310.0432823	324.6498183	300.789567
BB_0715	BB_0715	NA	1421.275646	1292.88504	1270.33341	1445.531642
BB_0716	mreC	NA	786.5637545	718.8669278	722.2246353	625.153583
BB_0717	BB_0717	NA	73.38407	45.76042675	52.8880555	51.63168
BB_0718	BB_0718	NA	404.2290325	306.7991655	360.8041113	294.481848
BB_0719	mrdB	NA	242.5815408	183.557329	240.403274	208.69934
BB_0720	thrS	NA	619.4645113	519.5617128	490.1847325	462.824883
BB_0721	pgsA	NA	218.7670405	181.576037	193.8175975	189.094549
BB_0722	BB_0722	NA	214.8890193	153.3628705	162.8263675	146.622921
BB_0723	BB_0723	NA	7.67154675	15.0010755	14.878088	13.78244
BB_0724	BB_0724	NA	244.2250035	183.2415103	191.5878055	191.63783
BB_0725	BB_0725	NA	802.1349823	651.9480313	553.9720365	641.276692
BB_0726	BB_0726	NA	563.1847968	383.4377895	367.5134335	404.25676
BB_0727	BB_0727	NA	1452.680148	1329.428361	1103.941184	1111.781303
BB_0728	cdr	NA	446.5588465	493.527257	499.510228	415.096199
BB_0729	BB_0729	NA	358.9516453	440.0557623	395.198243	403.885011
BB_0730	pgi	NA	514.706564	410.3331885	457.4120953	422.019232
BB_0731	BB_0731	NA	413.9604355	341.1928633	364.0907025	434.786265
BB_0732	BB_0732	NA	507.8204493	467.4436758	489.0013838	481.83602
BB_0733	BB_0733	NA	845.8088768	746.757376	778.8984445	520.161872
BB_0734	BB_0734	NA	306.500238	242.0567728	260.6023	267.463808
BB_0735	BB_0735	NA	1930.640967	1794.730803	1655.030657	1435.012313
BB_0737	BB_0737	NA	361.200345	316.2840265	345.7166315	216.197013
BB_0738	valS	NA	524.607809	454.9488763	455.076526	373.18669
BB_0739	BB_0739	NA	413.4028143	321.3712063	369.8190113	233.494043
BB_0740	BB_0740	NA	191.9853743	223.171034	201.8657563	168.397554
BB_0741	groS	NA	4779.906944	4120.222835	3639.774715	5266.028944
BB_0742	BB_0742	NA	737.3691913	612.15868	527.7747403	624.00265
BB_0743	BB_0743	NA	343.1067903	266.664219	272.1833693	253.313862
BB_0744	p83/100	NA	1987.642803	1716.417892	1444.187321	1462.966366
BB_0745	BB_0745	NA	111.5749513	138.504796	93.57979225	217.366674
BB_0746	BB_0746	NA	204.6523833	176.4211045	271.0250315	105.220151
BB_0747	BB_0747	NA	287.8752025	318.2204943	393.7536053	258.141266
BB_0748	BB_0748	NA	811.9975868	721.9652283	768.1160543	582.1591
BB_0749	BB_0749	NA	803.3525298	801.787768	722.1598885	801.76316
BB_0751	BB_0751	NA	514.849386	352.934408	374.8073783	291.208444
BB_0752	BB_0752	NA	539.8477863	365.5508403	431.5228248	293.679536
BB_0753	BB_0753	NA	508.9362928	397.297104	410.536563	335.510137
BB_0754	BB_0754	NA	675.9578955	491.2963285	590.0795248	438.622109
BB_0755	rnz	NA	378.5350235	278.0509963	323.2364395	276.585179
BB_0756	BB_0756	NA	71.15410525	61.39414175	68.80046575	60.013407
BB_0757	clpP	NA	838.4799963	728.23588	654.4763075	621.871204
BB_0758	BB_0758	S	266.6817958	202.2662175	187.3375648	135.155509
BB_0759	BB_0759	NA	186.7070938	176.2141975	215.4986298	153.867815
BB_0760	BB_0760	NA	511.772244	390.725314	452.2071168	659.651433
BB_0761	BB_0761	NA	110.113783	99.84661425	100.1874743	119.085046
BB_0763	BB_0763	NA	139.0536878	110.0678823	124.5956015	128.867757
BB_0764	BB_0764	NA	83.72218225	52.3167605	74.64148325	78.599315
BB_0765	BB_0765	NA	60.526355	51.8507	68.5796375	85.930423
BB_0766	cvpA	NA	142.38995	108.5331873	146.8803528	173.226778
BB_0767	murG	NA	172.3397893	124.944718	165.336248	142.83567
BB_0768	BB_0768	NA	373.6393765	248.6010595	334.824561	304.008393
BB_0769	BB_0769	NA	325.4592873	210.9494785	290.4381645	245.354568
BB_0770	BB_0770	NA	372.9865143	302.635707	412.389028	346.354876
BB_0771	rpoS	NA	67.3629635	84.752815	117.4612353	236.656527
BB_0771a	BB_0771a	NA	364.8596808	314.74095	333.7412133	292.187737
BB_0772	BB_0772	NA	325.7677805	290.2559283	341.5166128	473.476607
BB_0773	BB_0773	NA	119.1533253	95.995983	104.4514365	48.097904
BB_0774	flgG	NA	993.083504	1003.388278	865.4775095	807.50936
BB_0775	BB_0775	NA	1276.611561	1103.870549	1008.648906	898.035405
BB_0776	BB_0776	NA	875.929639	1034.833341	1039.364801	1087.386089
BB_0777	apt	NA	505.3121245	603.7516893	566.218576	485.513364
BB_0778	rplU	NA	2633.020404	2459.768332	2223.417743	1804.422944
BB_0779	BB_0779	NA	1500.599921	1131.059378	1020.913441	939.856419
BB_0780	rpmA	NA	2002.972703	1865.567956	1552.292105	1019.293885
BB_0781	BB_0781	NA	1251.858564	1082.227737	950.844749	681.134079
BB_0782	nadD	NA	345.1988015	230.4290558	260.3296605	142.100756
BB_0783	BB_0783	NA	301.8740305	204.7054823	241.4080483	151.494626
BB_0784	BB_0784	NA	323.4154558	238.7668553	277.7057993	255.788398
BB_0785	BB_0785	NA	9415.679065	9928.192039	9312.651985	11409.66525
BB_0786	BB_0786	NA	3398.751464	3126.197996	2945.214497	2936.752568
BB_0787	pth	NA	1282.796414	1115.151038	1246.034696	990.867969
BB_0788	tilS	NA	379.7326323	284.396006	353.3961905	207.790922
BB_0789	BB_0789	NA	2345.100008	2318.366448	1988.319388	1818.234914
BB_0790	BB_0790	NA	375.1845718	359.2327575	380.602091	233.64771
BB_0791	BB_0791	NA	423.817501	364.77444	452.9232633	307.40434
BB_0792	BB_0792	NA	102.814188	77.32135775	104.627747	75.587039
BB_0793	tmk	NA	52.47580875	42.5939825	50.97461125	67.596295
BB_0794	BB_0794	NA	280.3485423	228.2873125	217.3063093	178.240255
BB_0795	BB_0795	NA	1223.96437	1078.322755	1087.12553	993.995764
BB_0796	BB_0796	NA	1201.853073	1015.594604	1124.506437	890.895376
BB_0797	mutS	NA	384.3500353	440.4350853	494.418533	660.397065
BB_0798	BB_0798	NA	213.3689038	224.973271	269.7360368	284.532044
BB_0799	BB_0799	NA	694.805768	591.6659035	523.969327	348.82867
BB_0800	BB_0800	NA	2041.656837	1882.336552	1798.62295	1248.447138
BB_0801	BB_0801	NA	2135.158517	1979.149298	1940.092261	1293.997128
BB_0802	rbfA	NA	2104.978912	2175.889023	1931.301324	1730.818102
BB_0803	truB	NA	943.466434	882.4957325	932.875358	665.764151
BB_0804	rpsO	NA	3089.253655	2716.041447	2339.274422	2405.335475
BB_0805	BB_0805	NA	2916.228421	2737.913187	2317.113604	2146.559466
BB_0806	BB_0806	P	768.7784803	688.0360395	665.3566525	514.598253
BB_0807	BB_0807	NA	102.5444583	80.57906025	85.81831525	55.695532
BB_0808	BB_0808	NA	227.4669038	167.9659293	193.1105503	135.164536
BB_0809	tgt	NA	360.278519	297.0119968	277.233872	194.745588
BB_0810	mviN	NA	217.2934985	198.9143238	168.3596843	122.101087
BB_0811	BB_0811	NA	279.7696613	225.9061608	218.342265	193.113968
BB_0812	coaBC	NA	96.07291575	103.0101568	108.8101495	106.239983
BB_0814	panF	NA	198.3044738	233.0217373	219.0385845	221.781509
BB_0815	BB_0815	NA	88.67599925	93.3292155	100.8378973	100.553943
BB_0816	BB_0816	NA	1329.807988	1212.499155	1245.3024	1454.528418
BB_0817	murC	NA	506.6211028	345.6182233	468.3101923	385.164331
BB_0818	BB_0818	NA	566.3017505	356.372927	503.8354915	400.977378
BB_0819	BB_0819	NA	520.2185413	387.9891953	458.4229273	486.858324
BB_0820	rpoZ	NA	852.001951	865.8626083	781.8672735	935.483145
BB_0821	miaA	NA	802.6036823	687.789412	823.8801988	620.771726
BB_0823	BB_0823	S	1236.839825	1367.688982	1510.805351	1212.854759
BB_0824	BB_0824	NA	598.8445815	768.6346848	678.7326885	847.967079
BB_0825	BB_0825	NA	134.4906663	155.9744983	164.7894133	178.507619
BB_0826	BB_0826	NA	1.416351	0.35521875	4.26836575	2.505898
BB_0827	BB_0827	NA	430.8487183	318.845035	343.147043	314.916978
BB_0828	topA	NA	156.7048448	149.7338805	140.0637735	206.883321
BB_0829	BB_0829	NA	536.8360478	489.3285728	510.7416128	413.95871
BB_0830	BB_0830	NA	253.6785493	202.4737968	252.065892	173.618009
BB_0831	BB_0831	NA	992.7953853	945.4851235	871.2558105	909.338188
BB_0832	BB_0832	P	364.7080783	380.7025658	351.4971978	371.72408
BB_0833	ileS	NA	676.227754	552.638435	632.5258203	564.191874
BB_0834	BB_0834	NA	758.4974318	545.9246535	608.5905995	594.74453
BB_0835	BB_0835	NA	56.16235225	50.69013075	62.509409	81.104959
BB_0836	uvrB	NA	522.1651945	390.5383975	367.8749743	249.036614
BB_0837	uvrA	NA	531.8640875	387.7943653	336.6902668	214.558792
BB_0838	BB_0838	NA	108.3702995	82.683932	76.4794775	47.000525
BB_0838a	BB_0838a	NA	41.690785	61.311054	65.54690525	40.094372
BB_0839	BB_0839	NA	264.0142338	221.1030383	261.934615	307.934148
BB_0840	BB_0840	S	325.2301223	348.315994	343.3924373	391.266104
BB_0841	arcA	NA	1803.747465	2534.074041	1882.765586	1751.50788
BB_0842	argF	NA	1987.961804	2671.463368	2341.434888	2684.666783
BB_0843	BB_0843	NA	1673.469543	2363.177639	2157.479374	2432.11297
BB_0843a	BB_0843a	NA	53.30732075	123.5620435	146.969232	150.622385
BB_0844	BB_0844	P	201.029523	511.4661365	724.8592605	893.422333
BB_0845a	BB_0845a	NA	1.6143875	1.4652775	21.23828575	22.216471
BB_0845b	BB_0845b	NA	5.20628475	2.087764	4.78687375	0
BB_0848a	BB_0848a	NA	15.69173125	19.845848	32.18323325	36.178906
BB_0849a	BB_0849a	NA	6.14280275	2.33621325	13.312594	15.188812
BB_0849b	BB_0849b	NA	6.35194175	4.43691	9.95303125	15.964874
BB_0852	BB_0852	NA	104.2460643	80.16177825	90.080142	112.096696
BB_0853	BB_0853	NA	20.41188475	14.9124525	29.385323	18.950856
BB_0853a	BB_0853a	NA	3.0269765	7.26337975	6.17722425	0
BB_B01	BB_B01	NA	938.4238568	1165.402948	961.5699393	1025.285821
BB_B02	BB_B02	NA	378.6519145	399.1658165	455.0190298	378.033804
BB_B03	resT	NA	290.1624235	278.2571408	316.32114	329.780766
BB_B04	chbC	NA	2870.480924	4809.528024	3448.662322	4717.612315
BB_B05	chbA	NA	1503.418418	2185.881656	2119.698736	1914.458991
BB_B06	chbB	NA	1964.54249	3181.751438	2806.928394	2275.355622
BB_B07	BB_B07	NA	1751.748861	2496.644774	2387.984366	1838.863975
BB_B08	BB_B08	S	281.1411858	410.3708858	455.102468	404.749063
BB_B09	BB_B09	P	64.0021105	101.256472	135.5632973	227.2318
BB_B10	BB_B10	NA	146.8178945	177.2080635	253.4349205	219.666532
BB_B11	BB_B11	NA	6.5727915	7.800158	9.68341175	17.541288
BB_B12	BB_B12	NA	262.692121	240.3135763	349.8933843	379.432267
BB_B13	BB_B13	NA	226.8171643	248.9887525	337.5556968	285.672402
BB_B14	BB_B14	NA	481.4065915	606.0880675	755.0753345	985.471587
BB_B16	oppAIV	P	660.781615	817.7924278	649.7048855	704.58335
BB_B17	guaB	NA	1147.842068	1224.234631	1100.354412	854.041363
BB_B18	guaA	NA	1730.16567	1952.806966	1782.269472	1530.240571
BB_B19	ospC	S	5669.616934	15815.28105	20186.96816	16332.58494
BB_B22	BB_B22	NA	698.9096863	837.5998015	688.9583595	561.87661
BB_B23	BB_B23	NA	116.5785653	107.9257853	127.9878635	128.892058
BB_B24	BB_B24	NA	134.7385183	164.0382903	136.7704175	67.659253
BB_B25	BB_B25	S	111.6764353	117.5086718	102.312227	63.900406
BB_B26	BB_B26	NA	149.712422	171.5272248	170.2870788	153.649966
BB_B27	BB_B27	P	81.833737	142.7004258	159.7238695	98.982981
BB_B28	BB_B28	NA	336.2137378	358.7349533	269.3737123	202.698985
BB_B29	BB_B29	NA	9555.320897	12311.18169	9003.844641	9607.428256
BB_P01	BB_P01	NA	17.187459	12.2990635	18.135631	26.468441
BB_P02	BB_P02	NA	15.09610125	11.308069	12.952987	26.130756
BB_P03	BB_P03	NA	20.07444475	14.1030845	18.80528125	21.094975
BB_P04	BB_P04	NA	12.3138495	11.34627425	13.16306775	24.506116
BB_P05	BB_P05	NA	12.503148	8.17446625	17.982622	30.12933
BB_P06	BB_P06	NA	12.58041425	11.5945495	16.4370065	19.465738
BB_P07	BB_P07	NA	13.58754225	15.33180475	17.1742665	15.853431
BB_P08	BB_P08	NA	13.2676285	13.34166425	12.94433775	24.49291
BB_P09	BB_P09	NA	9.8385495	12.620483	17.2094925	12.278095
BB_P10	BB_P10	NA	12.7900455	10.77239475	14.76631825	13.133941
BB_P11	BB_P11	NA	11.43355225	11.07482925	15.2400165	17.227554
BB_P12	BB_P12	NA	9.8494025	8.30395975	12.107975	14.810706
BB_P13	BB_P13	NA	5.95056225	6.3604445	8.0564525	3.601825
BB_P14	BB_P14	NA	0.7127735	9.4667545	8.49138975	0
BB_P15	BB_P15	NA	15.4266775	17.47314675	21.14037325	31.362641
BB_P16	BB_P16	NA	8.3103015	10.99685475	14.08010975	9.741696
BB_P17	BB_P17	NA	17.77521675	21.32736575	24.1918	20.077641
BB_P18	BB_P18	NA	7.326771	9.97025725	7.679645	12.617999
BB_P19	BB_P19	NA	22.15077775	13.5825065	18.0870965	14.834259
BB_P20	BB_P20	NA	7.33866025	6.22315975	15.6098075	11.050586
BB_P21	BB_P21	NA	20.9378995	19.57886825	32.00613125	18.035459
BB_P22	BB_P22	NA	32.27621775	31.0362535	37.82955175	41.041485
BB_P23	blyA1	NA	60.00981575	46.30793525	74.529643	61.357702
BB_P24	blyB1	NA	22.13677525	26.93823275	42.06699525	12.630594
BB_P25	BB_P25	NA	23.3298425	21.58316075	49.896173	30.413659
BB_P26	BB_P26	NA	59.64645675	60.5188885	108.827896	76.239203
BB_P27	revA1	S	16.05112875	23.53002725	49.966488	132.709094
BB_P28	mlpA	S	103.9370018	277.5654898	385.2567428	863.207018
BB_P29	BB_P29	NA	4.1344125	14.827338	23.089466	16.369631
BB_P30	BB_P30	NA	72.46477225	51.61488	72.84278025	151.570699
BB_P31	BB_P31	NA	104.1781885	75.98939575	92.481639	116.945008
BB_P32	BB_P32	NA	223.9467713	190.6816663	171.4968523	189.406918
BB_P33	BB_P33	NA	199.4170943	184.1458013	220.7096243	195.460064
BB_P34	BB_P34	NA	348.3742493	285.5300828	315.3745468	309.612487
BB_P35	bppA1	NA	14.111521	20.30476325	30.6149695	41.078449
BB_P36	bppB1	NA	8.97737825	8.7188685	18.42489075	31.805632
BB_P37	bppC1	NA	9.95146525	9.52691225	7.93395525	20.370238
BB_P38	erpA	S	184.2556983	195.6384155	271.3343595	470.310067
BB_P39	erpB1	S	293.2840548	265.5115065	404.9626605	514.286488
BB_P40	BB_P40	NA	0	0	0	0
BB_P41	BB_P41	NA	19.56636225	20.88840375	30.04816575	59.53867
BB_P42	BB_P42	NA	2.2851495	10.212205	9.8609805	12.197749
BB_S01	BB_S01	NA	13.45414575	13.5455505	22.2919605	26.303384
BB_S02	BB_S02	NA	9.63285725	12.8749185	18.312591	14.861774
BB_S03	BB_S03	NA	19.629538	16.476535	18.844044	30.838373
BB_S04	BB_S04	NA	12.31238575	9.82698025	14.216109	22.849422
BB_S05	BB_S05	NA	13.086366	8.5358275	15.87983125	30.042487
BB_S06	BB_S06	NA	12.57996075	11.59435225	16.4367395	19.465452
BB_S07	BB_S07	NA	15.96459775	10.26843	30.243726	33.156306
BB_S08	BB_S08	NA	13.27782025	13.34166425	12.94433775	24.49291
BB_S09	BB_S09	NA	14.39819325	6.8314535	17.67902775	13.414389
BB_S10	BB_S10	NA	3.6846505	3.3041035	17.9924695	7.089871
BB_S11	BB_S11	NA	11.4333315	11.074664	15.23994775	17.227554
BB_S12	BB_S12	NA	9.83786425	3.970809	12.1079285	14.810706
BB_S13	BB_S13	NA	5.9504665	3.356161	1.94893675	3.601825
BB_S14	BB_S14	NA	0.7127735	2.9455735	8.49138975	0
BB_S15	BB_S15	NA	11.4904475	11.23134775	15.811288	31.404927
BB_S16	BB_S16	NA	6.04138125	8.11017925	9.2610005	6.573504
BB_S17	BB_S17	NA	6.207945	10.09425125	10.3385515	37.602145
BB_S18	BB_S18	NA	7.32150125	9.96982275	7.67940675	12.617999
BB_S19	BB_S19	NA	22.1506495	13.57732775	18.0870085	14.834259
BB_S20	BB_S20	NA	7.338533	6.22303425	15.608856	11.050586
BB_S21	BB_S21	NA	8.2316375	14.8724315	15.71895375	22.511938
BB_S22	BB_S22	NA	25.2819595	20.00493525	26.79876975	26.982367
BB_S23	BB_S23	NA	60.0087005	46.2930905	74.47999125	61.192334
BB_S24	BB_S24	NA	22.13393675	26.93516175	42.06540075	12.630594
BB_S25	BB_S25	NA	24.529423	16.9898355	16.177947	32.650706
BB_S26	BB_S26	NA	28.66890625	21.47623325	32.57511425	42.351373
BB_S27	BB_S27	NA	11.13273025	12.4584765	20.2273865	91.399342
BB_S29	bdrF	NA	238.2783573	242.1568038	307.286439	279.22841
BB_S30	BB_S30	S	166.926828	279.0612805	250.5650168	422.924248
BB_S31	BB_S31	NA	7.12975275	7.61701925	16.4306385	16.78911
BB_S33	BB_S33	NA	64.05821125	57.64279025	82.940461	239.878317
BB_S34	BB_S34	NA	72.1415655	66.97120925	86.17692075	133.837519
BB_S35	BB_S35	NA	67.2965375	64.014519	85.7651475	141.41143
BB_S36	BB_S36	NA	116.8219065	95.56486075	132.206461	192.954166
BB_S37	BB_S37	NA	130.8685008	88.751466	100.0681393	186.235686
BB_S38	BB_S38	NA	10.033455	13.1669035	21.8337525	39.821049
BB_S39	BB_S39	NA	7.566992	7.80586575	16.57705875	3.816676
BB_S40	BB_S40	NA	6.13498225	2.8801585	11.14264175	10.504841
BB_S41	erpG	S	81.15226425	100.030343	162.5501315	537.427752
BB_S42	bapA	NA	38.565075	63.5270295	91.58289625	294.045792
BB_S44	BB_S44	NA	27.318329	36.90079475	54.5840245	66.725299
BB_S45	BB_S45	NA	16.49403725	21.6493435	44.606124	58.145422
BB_R01	BB_R01	NA	8.320148	9.3063355	18.61544825	26.872266
BB_R02	BB_R02	NA	10.80186225	12.488243	14.68003825	29.51533
BB_R03	BB_R03	NA	8.03242775	13.98369525	17.634565	10.158948
BB_R04	BB_R04	NA	9.9953575	9.58008125	12.8467735	26.800575
BB_R05	BB_R05	NA	7.92200525	8.88282625	8.5036745	16.047529
BB_R06	BB_R06	NA	10.2575075	10.80528225	12.82744925	16.493666
BB_R07	BB_R07	NA	8.03372375	13.8238605	15.109646	14.671489
BB_R08	BB_R08	NA	7.22074825	5.66066725	18.6049565	15.466256
BB_R09	BB_R09	NA	9.83709575	12.618137	6.85580775	12.278095
BB_R10	BB_R10	NA	8.744076	5.325622	12.50118225	6.52673
BB_R11	BB_R11	NA	9.0067145	10.984546	16.82793825	21.507628
BB_R12	BB_R12	NA	4.4448685	8.5411675	15.5465725	7.528892
BB_R13	BB_R13	NA	3.212286	8.9457065	19.2101885	16.490473
BB_R14	BB_R14	NA	3.4077965	1.7291545	3.22755925	0
BB_R15	BB_R15	NA	11.323308	13.5176925	16.931169	28.471813
BB_R16	BB_R16	NA	10.46027675	9.73250175	16.2953645	28.268309
BB_R17	BB_R17	NA	10.518585	19.29860825	25.54532775	23.790329
BB_R18	BB_R18	NA	9.2626685	7.19375	17.1172605	46.802775
BB_R19	BB_R19	NA	19.60952025	7.982832	21.861903	0
BB_R20	BB_R20	NA	14.13997275	9.20345825	18.7709305	18.460201
BB_R21	BB_R21	NA	11.73949125	11.81246	8.478116	19.95358
BB_R22	BB_R22	NA	9.1810655	9.645011	17.778205	15.896905
BB_R23	BB_R23	NA	19.37812875	34.7928445	30.831225	16.476526
BB_R24	BB_R24	NA	22.1320425	26.93435225	42.06405075	12.630594
BB_R25	BB_R25	NA	20.257804	24.76965925	37.85458675	14.634239
BB_R26	BB_R26	NA	19.08190825	25.059327	31.1739825	11.696083
BB_R27	BB_R27	NA	204.1590653	235.24181	211.4415575	265.625216
BB_R28	BB_R28	S	82.01784825	103.2915295	102.626972	121.155345
BB_R29	BB_R29	NA	14.645948	13.0404035	20.812176	18.255189
BB_R31	BB_R31	NA	38.7302915	40.95615125	72.6580525	101.314216
BB_R32	BB_R32	NA	60.0179915	50.60816775	60.1223355	89.222725
BB_R33	BB_R33	NA	39.92933175	33.42341225	40.89214425	68.882027
BB_R34	BB_R34	NA	97.32414475	91.324362	106.19145	196.950561
BB_R35	BB_R35	NA	79.268938	71.733916	97.69617675	87.407809
BB_R36	BB_R36	NA	8.6184905	10.128465	18.86723075	31.883968
BB_R37	BB_R37	NA	7.91798425	4.5936765	19.6459135	0
BB_R38	BB_R38	NA	4.39282125	3.696526	7.75411975	12.561799
BB_R41	BB_R41	NA	30.02706375	35.4134465	52.181728	54.343715
BB_R42	erpY	S	71.78591025	88.3438325	104.5840923	152.638507
BB_R43	BB_R43	NA	22.1308945	19.758541	25.3622935	26.03656
BB_R44	BB_R44	NA	27.582104	34.4275875	41.90214325	103.565342
BB_R45	BB_R45	NA	15.141541	17.27976625	33.1233305	40.912499
BB_M01	BB_M01	NA	20.78505775	15.86117525	25.72133825	17.77603
BB_M02	BB_M02	NA	12.563831	18.15700175	21.03839925	7.685211
BB_M03	BB_M03	NA	27.2866755	15.26194225	31.399931	26.198431
BB_M04	BB_M04	NA	20.323397	11.89682525	21.26836875	26.272953
BB_M05	BB_M05	NA	9.414193	10.9632095	14.19767875	9.478398
BB_M06	BB_M06	NA	19.26592775	20.63453475	26.51166075	20.262794
BB_M07	BB_M07	NA	19.7657005	21.6187555	22.26012575	27.349102
BB_M08	BB_M08	NA	21.036025	15.21539025	22.1136315	11.040384
BB_M09	BB_M09	NA	19.64280175	18.325931	22.6308915	23.868838
BB_M10	BB_M10	NA	18.254699	12.188782	12.6205065	10.874981
BB_M11	BB_M11	NA	14.1818865	10.51875875	15.6193825	14.047478
BB_M12	BB_M12	NA	9.83667075	3.96749175	12.1078645	14.810706
BB_M13	BB_M13	NA	5.89459975	1.831902	1.942456	3.601825
BB_M14	BB_M14	NA	2.241256	5.3140865	2.4773025	0
BB_M15	BB_M15	NA	17.91308525	15.7782335	26.615174	28.848262
BB_M16	BB_M16	NA	12.79578875	11.436587	13.86736875	44.6306
BB_M17	BB_M17	NA	15.74563275	23.66445425	23.182151	22.659643
BB_M18	BB_M18	NA	8.70280375	13.25004675	18.29670825	17.758231
BB_M19	BB_M19	NA	23.243434	21.02481025	34.45395475	41.072236
BB_M20	BB_M20	NA	29.69582725	26.1504155	33.40872075	28.092918
BB_M21	BB_M21	NA	17.38857475	13.39825975	22.12305125	16.319372
BB_M22	BB_M22	NA	27.525514	24.27799	31.523433	34.266332
BB_M23	BB_M23	NA	60.15103975	46.93911175	74.370372	61.180526
BB_M24	BB_M24	NA	35.44202025	21.520111	33.77061575	25.151272
BB_M25	BB_M25	NA	20.25780175	24.76703525	37.8488025	14.634239
BB_M26	BB_M26	NA	74.39983375	75.76424625	120.798035	139.574605
BB_M27	BB_M27	S	35.4934425	62.91632975	88.6557285	179.816264
BB_M28	BB_M28	S	75.35675775	244.7068463	370.9403475	770.664606
BB_M29	BB_M29	NA	7.84602675	12.19851725	15.6012495	27.047669
BB_M30	BB_M30	NA	51.03740925	45.3316545	74.16863075	127.270603
BB_M31	BB_M31	NA	59.8769535	45.5245875	56.590093	67.952812
BB_M32	BB_M32	NA	77.727793	51.4796205	71.61095475	58.336295
BB_M33	BB_M33	NA	73.00311275	87.84713925	73.74257725	99.235144
BB_M34	BB_M34	NA	116.7912948	92.6647025	112.0107565	164.281804
BB_M35	BB_M35	NA	11.22816725	14.79521	24.2412245	27.417203
BB_M36	BB_M36	NA	9.9115515	14.6917905	10.95259725	29.698197
BB_M37	BB_M37	NA	7.77241625	8.31705275	11.921125	0
BB_M38	erpK	S	63.97805225	105.8548525	185.7158315	346.289049
BB_M39	BB_M39	NA	13.27489	22.65144075	34.01618225	43.530514
BB_M41	BB_M41	NA	14.99102675	19.94698325	35.20162725	45.599935
BB_M42	BB_M42	NA	15.3738	13.87479625	25.65995275	36.074745
BB_O01	BB_O01	NA	39.41777725	22.23243275	41.7325235	42.348801
BB_O02	BB_O02	NA	31.4588305	26.8806025	16.37145825	15.254127
BB_O03	BB_O03	NA	19.62898475	16.47625275	18.843248	30.838373
BB_O04	BB_O04	NA	17.300882	16.71282225	24.34661725	24.960308
BB_O05	BB_O05	NA	12.39917425	19.128182	19.8421465	17.04742
BB_O06	BB_O06	NA	25.8346525	17.63326375	20.6488	30.439099
BB_O07	BB_O07	NA	39.25760225	28.10636475	28.173259	16.47864
BB_O08	BB_O08	NA	21.035542	15.21510975	22.1136315	11.040384
BB_O09	BB_O09	NA	31.5774405	27.779869	36.03101275	12.03396
BB_O10	BB_O10	NA	16.66637325	15.41384225	23.18221225	24.709275
BB_O11	BB_O11	NA	25.67247575	21.98797325	29.31139525	36.729896
BB_O12	BB_O12	NA	16.9261925	8.61187725	10.8482175	11.41619
BB_O13	BB_O13	NA	5.5035205	8.61657625	13.88650175	5.563879
BB_O14	BB_O14	NA	4.1186285	1.44796475	1.877285	6.98828
BB_O15	BB_O15	NA	13.23573425	12.3039635	20.51385525	20.671661
BB_O16	BB_O16	NA	8.00993925	10.519079	13.79526775	13.03341
BB_O17	BB_O17	NA	8.17931875	11.1380715	12.0652645	21.032204
BB_O18	BB_O18	NA	11.2217855	9.81167875	14.31038525	19.976378
BB_O19	BB_O19	NA	42.595205	40.826404	51.72853575	20.318881
BB_O20	BB_O20	NA	23.885328	27.802167	28.2430635	39.153141
BB_O21	BB_O21	NA	13.02388775	14.70634175	24.781274	25.349336
BB_O22	BB_O22	NA	32.2738035	31.0376315	37.82796175	41.041139
BB_O23	BB_O23	NA	60.13272175	46.92767825	74.363052	61.180526
BB_O24	BB_O24	NA	34.79911925	28.457212	41.32868225	36.481005
BB_O25	BB_O25	NA	11.93166075	18.00256275	25.84604425	3.648529
BB_O26	BB_O26	NA	36.756131	33.8258325	52.95750725	87.118528
BB_O27	BB_O27	NA	341.6219203	378.3241345	343.7708338	326.875911
BB_O28	BB_O28	S	121.0376098	188.8768913	245.514617	302.986708
BB_O29	BB_O29	NA	6.591302	9.45806775	21.0671225	22.791905
BB_O30	BB_O30	NA	56.16518325	61.8800305	77.79114925	145.056043
BB_O31	BB_O31	NA	78.214311	66.60515875	79.56838325	119.608251
BB_O32	BB_O32	NA	166.0994518	125.8051745	141.2058923	251.998418
BB_O33	BB_O33	NA	83.31986275	81.67683475	91.10791075	120.302584
BB_O34	BB_O34	NA	39.8524205	45.4686285	48.61632475	65.153355
BB_O36	BB_O36	NA	12.08793025	16.212452	29.71066625	36.667781
BB_O37	BB_O37	NA	16.71531775	14.99398125	21.569096	28.406561
BB_O38	BB_O38	NA	3.40467475	16.62557925	17.26040475	36.29088
BB_O39	erpL	S	28.750392	75.1278875	125.6216478	447.520421
BB_O40	erpM	S	146.8179008	295.37756	538.5747293	1393.183751
BB_O42	BB_O42	NA	9.00883475	10.09363825	27.3183715	24.169109
BB_O43	BB_O43	NA	27.90757625	34.36357975	47.25442975	78.581949
BB_O44	BB_O44	NA	17.59414975	21.09842975	29.8829925	39.490946
BB_L01	BB_L01	NA	17.186575	12.29777425	18.13583275	26.468152
BB_L02	BB_L02	NA	15.095198	11.306444	12.9522425	26.130756
BB_L03	BB_L03	NA	20.073598	14.10196475	18.803259	21.094975
BB_L04	BB_L04	NA	12.313582	11.34561875	13.16224525	24.505825
BB_L05	BB_L05	NA	12.498801	7.24024225	17.9781945	30.128326
BB_L06	BB_L06	NA	12.57866725	11.593698	16.4366205	19.464987
BB_L07	BB_L07	NA	13.5830475	15.329855	17.169812	15.853431
BB_L08	BB_L08	NA	13.27436625	13.34163475	12.943951	24.49291
BB_L09	BB_L09	NA	9.82938	11.23554625	6.855769	12.278095
BB_L10	BB_L10	NA	12.78745575	10.77100975	14.765916	13.133941
BB_L11	BB_L11	NA	11.43246775	11.07399475	15.23958725	17.227554
BB_L12	BB_L12	NA	9.83659675	3.9674015	8.96535925	14.810706
BB_L13	BB_L13	NA	5.887797	1.831902	1.94227825	3.601825
BB_L14	BB_L14	NA	0.7127735	2.9455735	8.49138975	0
BB_L15	BB_L15	NA	15.425394	17.4730945	21.17109225	31.362322
BB_L16	BB_L16	NA	8.39343075	10.996693	14.07908275	9.741696
BB_L17	BB_L17	NA	17.77481825	21.32577725	24.188179	20.077641
BB_L18	BB_L18	NA	7.321483	9.963258	7.68266225	12.617999
BB_L19	BB_L19	NA	147.5931345	111.2034318	146.4391068	102.274736
BB_L20	BB_L20	NA	56.86838975	52.31041725	69.9762175	51.487907
BB_L21	BB_L21	NA	20.937305	19.5801865	32.004152	18.033474
BB_L22	BB_L22	NA	32.27122575	31.03674525	37.82938775	41.040966
BB_L23	BB_L23	NA	60.13221675	46.9139005	74.35185975	61.121493
BB_L24	BB_L24	NA	18.49489775	16.2505765	14.60712075	23.433332
BB_L25	BB_L25	NA	63.1163715	49.46184975	84.77291375	49.240831
BB_L26	BB_L26	NA	51.88763325	39.20722275	56.08070375	54.47648
BB_L27	BB_L27	NA	334.396	514.3217993	428.623734	294.931027
BB_L28	BB_L28	S	95.67741575	161.124607	157.6220808	247.37397
BB_L29	BB_L29	NA	11.1275885	18.36953075	22.5709445	59.383145
BB_L30	BB_L30	NA	57.03543675	53.73030775	72.60222225	143.009855
BB_L31	BB_L31	NA	80.01825125	71.150344	79.673963	85.018824
BB_L32	BB_L32	NA	89.198058	76.53426325	90.21560575	107.56022
BB_L34	BB_L34	NA	55.88332375	74.66235725	81.2054105	78.935795
BB_L35	BB_L35	NA	220.2965418	245.3770685	188.1017875	209.242505
BB_L36	BB_L36	NA	12.4193695	21.812559	34.1120495	56.644848
BB_L37	BB_L37	NA	16.71142475	14.98496975	21.5689895	28.406561
BB_L38	BB_L38	NA	5.324164	8.6053005	23.91818775	31.946695
BB_L39	erpA8	S	74.439131	86.3078735	197.7749908	270.326233
BB_L40	erpB8	S	293.2787765	265.5088848	404.9576065	514.286158
BB_L41	BB_L41	NA	27.42658875	28.60726875	40.84149475	33.372321
BB_L42	BB_L42	NA	19.566086	20.88735225	30.04771825	59.53867
BB_L43	BB_L43	NA	14.84792175	16.37897075	23.44600175	37.504505
BB_N01	BB_N01	NA	25.40396775	15.7154415	26.04937575	23.180005
BB_N02	BB_N02	NA	21.29784625	17.4178175	18.0358745	9.629814
BB_N03	BB_N03	NA	29.07062075	27.67198375	27.73913925	42.267507
BB_N04	BB_N04	NA	31.24141825	22.08507375	25.271132	29.836127
BB_N05	BB_N05	NA	21.8120135	23.06139975	17.467864	26.069869
BB_N06	BB_N06	NA	28.9326345	18.912992	21.95206525	25.958283
BB_N07	BB_N07	NA	19.4221035	18.1362615	23.162498	31.142246
BB_N08	BB_N08	NA	11.9567865	7.5168085	12.01860375	20.159988
BB_N09	BB_N09	NA	12.32503825	15.56019425	15.86392525	7.850303
BB_N10	BB_N10	NA	8.176313	9.82716375	14.11817675	21.390799
BB_N11	BB_N11	NA	16.9803335	14.45437275	22.4200415	25.594049
BB_N12	BB_N12	NA	16.24699825	28.5115205	9.38238925	22.463609
BB_N13	BB_N13	NA	12.22989725	4.954181	16.160079	8.233715
BB_N14	BB_N14	NA	3.4077965	1.7291545	3.22755925	0
BB_N15	BB_N15	NA	12.14700625	10.84463225	20.209905	23.192304
BB_N16	BB_N16	NA	12.06096575	12.44134325	11.496236	18.376282
BB_N17	BB_N17	NA	12.24620475	15.84945575	24.66612825	30.258076
BB_N18	BB_N18	NA	11.71446425	7.6698265	13.01865125	28.266862
BB_N19	BB_N19	NA	45.89845975	58.1385265	54.7620165	59.882327
BB_N20	BB_N20	NA	39.447239	37.56087825	45.51860275	41.403792
BB_N21	BB_N21	NA	27.70448425	25.1987445	32.84733675	37.167678
BB_N22	BB_N22	NA	15.5684805	16.96227325	21.9116115	23.148907
BB_N23	BB_N23	NA	7.96417325	6.8053	10.37079975	0
BB_N24	BB_N24	NA	18.494524	16.245792	14.60698025	23.433332
BB_N25	BB_N25	NA	2.296036	1.994156	4.024629	14.020858
BB_N26	BB_N26	NA	15.6787495	18.569818	13.42779275	33.279551
BB_N27	BB_N27	NA	395.5636653	404.860915	352.6039143	333.808133
BB_N28	BB_N28	S	90.53786	153.1488338	118.6529983	153.483208
BB_N29	BB_N29	NA	9.41222275	10.62102375	18.49790425	9.147033
BB_N30	BB_N30	NA	84.33470025	70.243801	90.27427875	183.034252
BB_N31	BB_N31	NA	96.25335325	65.98526575	93.91408125	138.678679
BB_N32	BB_N32	NA	89.68998825	66.354264	72.0353295	125.618256
BB_N33	BB_N33	NA	108.1659415	79.50627975	71.83326	75.878382
BB_N34	BB_N34	NA	112.9515108	75.7364225	82.9617	77.682846
BB_N35	BB_N35	NA	8.7571445	11.8090855	12.7881195	23.510381
BB_N36	BB_N36	NA	14.040923	15.08604775	21.5353265	33.077857
BB_N37	BB_N37	NA	5.76239175	4.3626995	9.675212	14.415691
BB_N38	erpP	S	132.3996473	128.0669775	142.5575675	238.061737
BB_N39	erpQ	S	221.4134648	211.0221893	209.892608	310.458532
BB_N41	BB_N41	NA	34.4734935	25.946023	31.257641	47.523726
BB_N42	BB_N42	NA	19.07875575	19.2617975	27.9857685	39.817167
BB_N43	BB_N43	NA	15.113894	16.32580675	21.629406	26.079122
BB_D001	BB_D001	NA	6.380988	4.10282575	21.893241	16.538929
BB_D01	BB_D01	NA	9.49636425	5.476146	15.03808225	17.098461
BB_D03	BB_D03	NA	0	4.39517625	2.18774775	0
BB_D04	BB_D04	NA	4.8278065	4.551798	5.06467825	4.456598
BB_D05a	BB_D05a	NA	18.62186625	19.44434625	24.358054	22.834121
BB_D0027	BB_D0027	NA	5.58957275	0.8373015	6.26770925	0
BB_D09	BB_D09	NA	118.6956593	115.136935	118.2059845	128.698071
BB_D10	BB_D10	S	137.786753	169.8897503	138.1693115	186.369192
BB_D11	BB_D11	NA	104.0313093	106.7713565	115.8392208	101.812245
BB_D13	BB_D13	NA	496.9421988	551.5279075	463.696002	533.380445
BB_D14	BB_D14	NA	131.0650025	124.8176595	108.2841993	244.291414
BB_D15	BB_D15	NA	108.9544165	78.688945	84.96588225	51.416358
BB_D18	BB_D18	NA	323.0746978	178.4266025	196.2990223	217.444652
BB_D20	BB_D20	NA	24.545519	33.56266625	36.88916925	28.421312
BB_D21	BB_D21	NA	158.1621523	131.0899398	128.836518	199.219122
BB_D22	BB_D22	NA	105.4508078	91.2225465	84.3502165	102.928438
BB_D23	BB_D23	NA	15.30972625	13.934871	15.0600315	22.537173
BB_D0031	BB_D0031	NA	13.4550585	10.36790075	28.72155425	53.160842
BB_D24	BB_D24	NA	1.80942925	0	0.996405	22.216471
BB_U01	BB_U01	NA	6.69405175	6.49554925	16.97524	37.785859
BB_U02	BB_U02	NA	83.400253	62.97336	84.025668	100.761335
BB_U04	BB_U04	NA	113.6452388	103.5467403	189.1256558	556.135798
BB_U05	BB_U05	NA	85.436081	77.66276	131.0042958	305.410087
BB_U06	BB_U06	NA	16.740735	28.93747625	36.56312475	28.673017
BB_U07	BB_U07	NA	47.23294025	72.89509075	73.9400545	40.297897
BB_U08	BB_U08	NA	14.596577	23.243586	14.8718075	0
BB_U09	BB_U09	NA	122.6392525	123.1733863	129.9696698	104.746547
BB_U10	BB_U10	NA	3.151898	3.271317	3.206399	0
BB_U11	BB_U11	NA	33.74624	31.95792125	39.8814575	36.923153
BB_U12	BB_U12	NA	18.42660175	12.56985575	17.96733125	18.986015
BB_E02	BB_E02	NA	38.33972	29.07363075	38.15091925	47.267952
BB_E04a	BB_E04a	NA	19.86425475	26.17176275	56.10813975	45.238834
BB_E07	BB_E07	NA	38.922956	45.30245975	33.508714	0
BB_E09	BB_E09	NA	71.72061625	89.72731975	90.23905525	92.74564
BB_E16	bptA	NA	887.7234713	702.5624203	770.6595843	644.376929
BB_E17	BB_E17	NA	1322.449976	1116.511664	1181.535037	953.833798
BB_E18	BB_E18	NA	331.1341458	277.1746978	344.161553	620.695207
BB_E19	BB_E19	NA	197.7632818	162.9953558	211.9560545	411.461242
BB_E20	BB_E20	NA	132.6273273	155.1556273	175.6900283	333.284469
BB_E21	BB_E21	NA	498.2815353	450.7056348	559.1719843	959.224186
BB_E22	pncA	NA	250.341728	345.964868	362.7620435	614.537512
BB_E23b	BB_E23b	NA	30.0572125	57.95243075	78.2491645	169.741635
BB_E29	BB_E29	NA	18.1392625	17.44298175	27.01672925	29.077537
BB_E29a	BB_E29a	NA	3.77955625	0.395131	5.82582375	4.18119
BB_E31	BB_E31	S	260.9316553	894.2900545	1198.686166	2942.783338
BB_E33	BB_E33	NA	3.0700305	0.75627225	0.72924925	0
BB_F001	BB_F001	NA	0	0	0	0
BB_F001a	BB_F001a	NA	0	7.2790145	17.89191425	53.639768
BB_F01	BB_F01	S	12.6733475	18.09618375	29.542532	41.418606
BB_F02	BB_F02	NA	1.738988	7.93744175	22.700038	29.71065
BB_F03	BB_F03	NA	409.9942685	375.2052978	552.776941	678.566915
BB_F05	BB_F05	NA	5.974299	6.14256325	7.10034425	4.204812
BB_F06	BB_F06	NA	9.95536175	6.775012	18.3714735	53.639768
BB_F08	BB_F08	NA	12.93838225	16.68548	33.96257775	101.6887
BB_F09	BB_F09	NA	4.51197525	18.47305825	16.21463475	38.082263
BB_F0034	BB_F0034	NA	10.1262825	14.54221875	12.1710615	38.654514
BB_F10	BB_F10	NA	29.6114845	10.5095715	20.27705875	0
BB_F11a	BB_F11a	NA	1.345323	1.32652625	1.8162435	9.021234
BB_F12	BB_F12	NA	7.0223425	10.12314725	20.13051675	21.313728
BB_F13	BB_F13	NA	7.39782	9.49387425	21.401363	55.664337
BB_F14	BB_F14	NA	6.57555425	1.01661175	7.40529025	17.541288
BB_F14a	BB_F14a	NA	0	4.59509575	22.14356425	14.593172
BB_F16	BB_F16	NA	20.27654725	22.61059825	43.2597075	26.794059
BB_F17	BB_F17	NA	25.48694575	21.8747355	52.61713475	204.813475
BB_F18	BB_F18	NA	55.0982015	70.66188325	94.9139255	112.791824
BB_F19	BB_F19	NA	265.4822335	279.8806263	410.786065	451.061687
BB_F20	BB_F20	S	276.1921645	322.0540848	391.7488793	641.782335
BB_F19a	BB_F19a	NA	504.118937	503.660707	611.6460485	1137.441405
BB_F23	BB_F23	NA	224.3383705	216.8275183	270.1840938	353.136292
BB_F24	BB_F24	NA	99.91199325	78.444127	118.1914993	138.930809
BB_F25	BB_F25	NA	62.64590375	42.95555825	76.7506585	135.318506
BB_F26	BB_F26	NA	75.57841625	63.3903975	96.98752525	225.723324
BB_F26a	BB_F26a	NA	150.1467638	151.1638073	322.6285235	205.544233
BB_F29	BB_F29	NA	5.46836025	6.57328675	6.87685725	2.756488
BB_F0039	BB_F0039	NA	4.05244025	12.69907125	5.5535135	0
BB_F30	BB_F30	NA	3.2545645	4.3187125	17.851543	6.280606
BB_F0040	BB_F0040	NA	2.00688525	8.1808085	7.9995605	23.911704
BB_F32	BB_F32	NA	26.62424	48.325329	85.28400675	168.850627
BB_F0041	BB_F0041	NA	87.2805565	116.0332358	302.5870638	380.894311
BB_G01	BB_G01	S	33.923339	13.841744	11.32064725	14.683787
BB_G02	BB_G02	NA	5.65056325	3.99351175	6.11538625	6.627604
BB_G03	BB_G03	NA	29.3427665	26.12457775	44.05821775	57.391411
BB_G05	BB_G05	NA	5.914599	7.06760425	9.3784695	13.575774
BB_G06	BB_G06	NA	65.189234	60.2294275	71.07603725	227.381613
BB_G07	BB_G07	NA	119.5676225	101.1485665	96.3215135	206.643159
BB_G08	BB_G08	NA	94.84185925	97.5848015	111.2430605	171.039859
BB_G09	BB_G09	NA	80.38410175	91.17021	80.25354425	154.112743
BB_G10	BB_G10	NA	10.56589675	11.3503855	18.05662775	16.295859
BB_G12	BB_G12	NA	19.7335625	20.9213615	35.6285325	25.31344
BB_G13	BB_G13	NA	10.5030085	11.572434	15.892449	9.04258
BB_G14	BB_G14	NA	6.650891	10.377367	11.6272535	8.545581
BB_G15	BB_G15	NA	5.1225705	10.12620075	14.8530915	14.802167
BB_G16	BB_G16	NA	4.70167275	8.12244075	8.8520165	8.2147
BB_G17	BB_G17	NA	15.7047315	19.55467375	27.03923925	22.480657
BB_G18	BB_G18	NA	15.67043575	13.24983325	23.9858935	14.342516
BB_G19	BB_G19	NA	6.19161575	8.3647365	14.1279825	9.511415
BB_G20	BB_G20	NA	7.39629725	6.75021725	10.6036695	8.219677
BB_G21	BB_G21	NA	9.126549	11.34333875	12.502068	11.168558
BB_G0036	BB_G0036	NA	1.29222025	1.654429	5.51009125	4.92882
BB_G22	BB_G22	NA	4.9939275	6.42030875	6.36044975	6.454708
BB_G23	BB_G23	NA	7.8049555	7.0851295	7.5751455	5.532446
BB_G24	BB_G24	NA	6.3263395	6.3612775	9.067938	13.29166
BB_G25	BB_G25	P	4.27482575	11.38604225	13.09020825	12.85409
BB_G26	BB_G26	NA	3.50501225	6.0556865	4.160342	0
BB_G27	BB_G27	NA	4.27908775	3.2898195	3.27810525	2.542722
BB_G28	BB_G28	NA	3.08540325	1.45113975	5.64505975	7.712454
BB_G29	BB_G29	NA	18.117493	15.575936	22.81056225	22.315094
BB_G30	BB_G30	NA	28.99068325	22.21497425	29.639098	42.403577
BB_G31	BB_G31	NA	14.662677	19.09577925	20.802782	19.54426
BB_G32	BB_G32	NA	20.6695205	22.2659165	31.81889125	12.607196
BB_G33	BB_G33	NA	737.8936713	592.9019245	468.055367	480.528797
BB_G34	BB_G34	NA	68.90956225	72.29479675	63.57462625	54.036926
BB_H02	BB_H02	NA	8.322017	12.548777	16.4441205	10.39332
BB_H04	BB_H04	NA	2.625403	10.164981	12.66493275	32.358773
BB_H05	BB_H05	NA	14.5269505	1.33968225	14.0590715	13.057049
BB_H06	cspZ	S	203.925248	218.3362635	279.589701	488.296895
BB_H07	BB_H07	NA	2.37088575	2.142078	4.18824025	5.062937
BB_H09	BB_H09	NA	7.6791825	9.5836055	16.12212925	21.427305
BB_H09a	BB_H09a	NA	10.0095375	9.6619825	11.27645925	2.544451
BB_H11a	BB_H11a	NA	2.07746125	3.467727	6.918725	25.058983
BB_H0042	BB_H0042	NA	0	2.8741405	5.66472925	0
BB_H13	BB_H13	NA	914.8211988	1101.165017	1379.638975	1664.647511
BB_H17	BB_H17	NA	6.57342575	13.43201625	1.1739135	0
BB_H18	BB_H18	S	47.16122525	40.1225305	49.197857	107.307423
BB_H20	BB_H20	NA	10.01121225	21.651052	22.88523875	57.774175
BB_H38	BB_H38	NA	2.06092025	8.53911825	28.55772825	0
BB_H39	BB_H39	NA	2.1451605	6.4282815	22.05161275	24.816099
BB_H26	BB_H26	NA	22.8132985	24.50323075	29.86199	165.34946
BB_H27	BB_H27	NA	19.738628	36.222498	49.2285435	88.959388
BB_H28	BB_H28	NA	37.8781305	50.0464805	52.2381145	124.292164
BB_H29	BB_H29	NA	50.15513375	63.963873	67.72701075	96.411915
BB_H30	BB_H30	NA	8.8320295	7.7543475	7.607402	3.777928
BB_H32	BB_H32	S	83.746222	185.071541	260.5068993	311.664625
BB_H33	BB_H33	NA	45.4326235	36.677423	66.636191	77.682846
BB_H34	BB_H34	NA	49.54438825	69.0884295	115.3441643	220.519047
BB_H36a	BB_H36a	NA	15.35487525	25.72016525	38.851891	113.850994
BB_H36b	BB_H36b	NA	2.479578	2.47295075	4.2574945	15.958615
BB_H37	BB_H37	S	165.3794238	172.98851	219.4261643	321.487061
BB_H40	BB_H40	NA	1.8287115	5.649569	7.10759425	15.111711
BB_H41	BB_H41	NA	5.53697475	9.41892	9.0505	37.927926
BB_I01	BB_I01	NA	5.33230525	12.82359375	7.61786025	8.031859
BB_I0044	BB_I0044	NA	17.8487565	22.4406835	23.35173425	37.997473
BB_I02b	BB_I02b	NA	43.41509625	42.72748875	70.39942475	96.656076
BB_I06	mtnN	NA	15.382799	15.15105875	25.66910575	34.833626
BB_I08a	BB_I08a	NA	10.607364	5.4074625	9.92612875	15.29485
BB_I12	BB_I12	NA	168.6552613	170.3712658	275.1752913	613.902601
BB_I15	BB_I15	NA	29.46389825	34.9713385	37.6161815	33.324707
BB_I16	vraA	S	127.8960678	171.2078393	118.3617245	100.796328
BB_I18	BB_I18	NA	0	0	0	0
BB_I19	BB_I19	NA	63.682805	63.85605025	105.0399053	272.886281
BB_I20	BB_I20	NA	50.8712245	43.55364575	80.1105375	161.091184
BB_I21	BB_I21	NA	87.91310225	64.70495475	88.8768485	207.944197
BB_I22	BB_I22	NA	78.8056615	99.32717425	139.7823978	269.892018
BB_I26	BB_I26	NA	8.46060675	6.2195185	10.3329985	22.868137
BB_I28	BB_I28	S	19.00960625	23.992192	44.0166455	74.273769
BB_I29	BB_I29	S	460.3264633	470.927541	575.876821	931.703862
BB_I31	BB_I31	NA	11.24385225	20.91286775	18.1079095	32.349055
BB_I34	BB_I34	NA	9.42041225	9.993043	11.709234	14.886036
BB_I36	BB_I36	S	48.259028	31.1231445	46.104944	82.52698
BB_I38	BB_I38	S	30.750498	35.83201625	44.36642	50.618961
BB_I39	BB_I39	S	135.6375075	109.357804	110.7152423	145.199106
BB_I40	BB_I40	NA	2.3409735	4.40046525	11.23820375	2.518619
BB_I41	BB_I41	NA	27.00632075	24.73793	23.0455825	39.693428
BB_I42	BB_I42	S	57.101406	152.8937025	238.8624298	357.352383
BB_I43	BB_I43	NA	47.28350875	164.8300548	284.411504	508.269511
BB_K01	BB_K01	S	152.8061528	174.3663075	260.1831778	257.081689
BB_K02a	BB_K02a	NA	9.863384	9.89793475	19.22533425	25.213172
BB_K07	BB_K07	S	28.724105	53.339077	77.73957325	136.919087
BB_K09	BB_K09	NA	0	0.22542725	7.8889855	0
BB_K10	BB_K10	NA	10.18796125	6.922827	22.5383585	26.819884
BB_K12	BB_K12	S	37.36277525	61.1821355	66.01008725	71.858984
BB_K13	BB_K13	NA	1056.876103	1112.200639	1180.557022	1395.947167
BB_K15	BB_K15	NA	137.9682543	211.4343685	324.5758178	273.885983
BB_K17	adeC	NA	124.192518	198.7041168	235.1072353	358.799023
BB_K19	BB_K19	S	41.04456225	28.834212	42.734856	87.583547
BB_K21	BB_K21	NA	137.011041	126.8380203	154.3577105	262.834327
BB_K22	BB_K22	NA	15.2325335	14.20744075	16.397109	18.794237
BB_K23	BB_K23	NA	58.39833	56.4414245	68.5277145	159.200469
BB_K24	BB_K24	NA	64.150183	56.68481075	66.05542	114.692067
BB_K54	BB_K54	NA	5.6146545	18.762951	14.17319175	4.961679
BB_K55	BB_K55	NA	17.664842	15.90605925	21.79377	51.59871
BB_K56	BB_K56	NA	25.3693005	16.26874575	17.5437745	77.526227
BB_K32	bbk32	S	33.876759	61.031034	93.811461	190.342885
BB_K33	BB_K33	NA	3.38071025	4.59509575	11.49361125	0
BB_K34	BB_K34	NA	93.47598375	106.6808018	190.643576	314.82971
BB_K35	BB_K35	NA	112.5083338	211.7293495	394.4522253	248.480058
BB_K37	BB_K37	NA	407.6994113	486.9747918	606.654061	727.019234
BB_K0058	BB_K0058	NA	39.56079725	47.18112225	140.6452915	283.351717
BB_K39	BB_K39	NA	54.02269125	45.505168	107.1864833	109.432363
BB_K40	BB_K40	NA	412.817612	439.9547385	533.0580783	874.683693
BB_K41	BB_K41	NA	70.86984425	85.148946	94.96868275	118.88118
BB_K42	BB_K42	NA	79.344926	70.94756	118.7703555	137.874393
BB_K42a	BB_K42a	NA	226.4112618	212.06367	332.5987395	300.125425
BB_K45	BB_K45	NA	1583.062929	1535.867594	1830.775401	2092.534674
BB_K46	BB_K46	NA	58.5330745	72.27364875	117.6005618	182.784614
BB_K47	BB_K47	S	253.187482	310.8862348	450.470305	606.390965
BB_K48	BB_K48	S	18.5804215	35.91104225	71.168869	104.330982
BB_K49	BB_K49	S	100.3154615	124.7207943	227.4006845	316.619459
BB_K50	BB_K50	S	110.7288633	153.8305243	245.114534	317.696569
BB_K0059	BB_K0059	NA	0	10.1468295	4.393835	12.404196
BB_K52	BB_K52	S	23.90218875	15.30376	29.2891285	54.81718
BB_K53	BB_K53	S	75.33079	188.7221908	289.6318823	624.503803
BB_J02a	BB_J02a	NA	9.9536575	9.57775475	12.23711875	19.795403
BB_J05	BB_J05	NA	6.6166665	6.680343	12.05353275	16.985765
BB_J08	BB_J08	S	788.38079	782.311248	1039.689721	864.445443
BB_J09	ospD	S	493.8165903	333.350642	321.1424338	438.354157
BB_J10	BB_J10	NA	94.8809485	43.0351185	44.32439075	52.479292
BB_J11	BB_J11	NA	4.416906	15.6695295	28.032355	12.404196
BB_J13	BB_J13	NA	18.9118615	19.4946665	28.932631	24.562765
BB_J15a	BB_J15a	NA	18.4811365	14.109179	27.38716275	54.852728
BB_J16	BB_J16	NA	86.124202	81.7411305	131.234066	165.407984
BB_J17	BB_J17	NA	75.33157725	79.389731	131.6661625	100.436093
BB_J18	BB_J18	NA	59.681622	42.91748875	125.6906433	102.225538
BB_J19	BB_J19	NA	74.97327425	67.970539	153.0776965	170.288805
BB_J0056	BB_J0056	NA	0	0.9377775	2.2771515	26.580421
BB_J20	BB_J20	NA	2.58302	7.49747725	21.339381	0
BB_J0058	BB_J0058	NA	0	2.038647	7.473038	0
BB_J21a	BB_J21a	NA	4.88368275	6.8923165	15.39243275	20.047186
BB_J23	BB_J23	NA	56.26666275	132.2820738	178.6879238	353.533074
BB_J24	BB_J24	NA	41.2475075	81.49255225	73.14048125	144.4846
BB_J25	BB_J25	NA	19.02066725	33.984171	47.1926505	82.756293
BB_J26	BB_J26	NA	29.5347395	48.75447225	63.87952975	98.293284
BB_J27	BB_J27	NA	63.00971775	99.35355025	106.9289518	167.229201
BB_J28	BB_J28	NA	39.0768055	74.2600725	76.10367525	86.564944
BB_J29	BB_J29	NA	22.42948325	30.62026475	44.98874975	49.727251
BB_J31	BB_J31	NA	96.16502375	137.397696	164.8139553	286.932257
BB_J34	BB_J34	S	486.5978118	502.1751945	516.17408	797.504324
BB_J36	BB_J36	S	87.762615	103.764592	91.877724	136.425291
BB_J37	BB_J37	NA	19.22920375	16.45064075	19.152726	19.083379
BB_J41	BB_J41	S	501.3567833	348.2962563	366.7247128	361.011552
BB_J42	BB_J42	NA	0	0.586111	0.58695675	0
BB_J43	BB_J43	NA	5.880947	2.0818255	3.81547375	7.699458
BB_J45	BB_J45	NA	31.0138195	44.3661915	80.66738425	96.873212
BB_J46	BB_J46	NA	30.0486495	109.6441075	140.599041	90.604565
BB_J47	BB_J47	P	46.216227	68.92982175	112.5909223	147.070911
BB_J48	BB_J48	NA	56.66107875	113.3150925	175.1206055	302.364912
BB_J50	BB_J50	NA	0.10390875	2.40796425	6.901445	8.815165
BB_J51	BB_J51	NA	51.325001	79.0860225	124.533252	220.928935
BB_A01	BB_A01	NA	29.55283475	32.988723	39.859561	61.15409
BB_A03	BB_A03	P	4793.666363	5075.970628	5889.495086	5669.628954
BB_A04	BB_A04	S	140.805338	361.4621838	531.3208738	564.444941
BB_A05	BB_A05	P	54.07946625	168.679995	227.0142103	360.230541
BB_A07	BB_A07	S	191.855746	696.9567043	936.6047988	1568.501356
BB_A08	BB_A08	NA	671.4409858	666.6144373	832.1604458	915.228545
BB_A09	BB_A09	NA	81.06014375	56.3145905	73.84841375	79.671898
BB_A10	BB_A10	NA	71.25788775	41.7347035	63.19225325	64.06364
BB_A11	BB_A11	NA	46.37436925	23.5610565	30.44687425	29.965032
BB_A12	BB_A12	NA	20.4680255	16.681189	37.94381975	6.704971
BB_A13	BB_A13	NA	146.0428443	91.9012935	108.7419293	77.605742
BB_A14	BB_A14	S	210.5397865	180.7166538	177.0881225	286.359734
BB_A15	ospA	S	22658.78238	28447.69674	28511.86498	28367.43173
BB_A16	ospB	S	19594.78141	25522.55501	26771.34203	27072.60255
BB_A18	BB_A18	NA	82.8193655	70.16708875	89.54278275	108.699578
BB_A19	BB_A19	NA	546.5575503	655.1739275	638.7212783	912.571781
BB_A20	BB_A20	NA	432.9341065	523.7505255	576.3419588	791.368611
BB_A21	BB_A21	NA	666.3993998	732.0838578	868.8351733	932.689388
BB_A22	BB_A22	NA	1555.968139	1380.222606	1145.876987	1405.808925
BB_A23	BB_A23	NA	169.494067	111.1719535	111.2368258	123.710472
BB_A24	dbpA	S	89.737465	172.1854585	283.1473468	668.231073
BB_A25	dbpB	S	62.29778775	140.8850045	275.247675	723.744237
BB_A30	BB_A30	NA	488.88882	752.808912	884.4880123	997.892033
BB_A31	BB_A31	NA	182.0495668	244.7288743	325.4973608	285.463286
BB_A32	BB_A32	S	45.69893575	75.29564	174.8048345	286.674761
BB_A33	BB_A33	S	51.34678925	122.942353	213.6604233	359.878374
BB_A34	BB_A34	P	16.4669085	25.3063195	39.827462	65.096211
BB_A36	BB_A36	S	384.9622248	649.1627243	1063.101804	2444.266754
BB_A37	BB_A37	NA	48.12977175	98.529977	193.628977	328.453734
BB_A38	BB_A38	NA	482.7595205	218.697143	228.248264	194.371133
BB_A39	BB_A39	NA	405.4564313	213.6118263	212.581707	141.01583
BB_A40	BB_A40	NA	356.7716038	173.4912795	165.9193738	129.986056
BB_A41	BB_A41	NA	319.8760803	146.4559255	159.4488788	98.481439
BB_A42	BB_A42	NA	219.0240758	107.3888725	106.7578043	89.867137
BB_A43	BB_A43	NA	304.0460048	203.5012483	192.3903685	329.422921
BB_A44	BB_A44	NA	73.535982	47.00126575	69.43556325	69.01583
BB_A45	BB_A45	NA	136.618136	82.2232035	83.79432575	131.146275
BB_A46	BB_A46	NA	96.940519	57.9164035	62.82895	57.502906
BB_A47	BB_A47	NA	100.0594568	52.95841125	47.21417625	50.765193
BB_A48	BB_A48	NA	76.70302375	42.98424275	44.29677425	61.263837
BB_A49	BB_A49	NA	26.413624	22.878834	17.671601	12.614437
BB_A50	BB_A50	NA	53.2345775	26.2899725	26.78356375	29.609242
BB_A51	BB_A51	NA	41.75045725	21.81532575	23.37186725	28.127556
BB_A52	BB_A52	NA	384.5884698	400.2535128	409.3754798	550.165076
BB_A53	BB_A53	NA	354.3708163	433.7721675	360.4705358	513.709144
BB_A54	BB_A54	NA	267.916311	337.2428598	309.1112443	397.916795
BB_A55	BB_A55	NA	136.4686928	104.474167	131.3540803	108.736743
BB_A56	BB_A56	NA	66.368381	39.28153325	62.41259875	51.925047
BB_A57	BB_A57	S	37.728079	46.62547475	66.70206725	93.488053
BB_A58	BB_A58	NA	35.60725425	36.0458675	56.84456675	14.885036
BB_A59	BB_A59	S	14760.97345	20600.28976	20450.81838	24838.97848
BB_A60	BB_A60	S	156.8781725	198.3643448	198.2597038	417.219676
BB_A61	BB_A61	NA	1129.461178	1143.435427	1375.632167	1570.327124
BB_A62	lp6.6	P	24594.55306	36605.56273	37550.97896	54840.86061
BB_A64	BB_A64	S	601.6792998	1308.62366	1368.043723	3401.288987
BB_A65	BB_A65	S	249.5831123	907.058398	1194.286053	1872.636416
BB_A66	BB_A66	S	1203.435723	3810.000863	5115.867949	9126.744644
BB_A68	cspA	S	1252.302155	1271.772914	1605.067189	1939.6692
BB_A69	BB_A69	S	521.3466098	661.605404	1002.429318	878.675744
BB_A70	BB_A70	NA	19.471566	29.442336	27.4514535	28.845394
BB_A71	BB_A71	NA	221.0425365	476.7708928	926.0218875	759.518487
BB_A0078	BB_A0078	P	135.545793	321.5119778	659.3466538	535.546257
BB_A73	BB_A73	S	432.3195725	1115.089483	2148.484575	2381.406451
BB_A74	osm28	NA	1904.300329	4007.23062	4816.863112	2442.387177
BB_A76	thyX	NA	251.4203595	274.0377953	385.2448285	402.686774